0.7
0.3
0 1 2 3 4 5 6 7 8 9 10 11 12 13 14 15 16 17 18 19 
20 21 22 23 24 
25 26 27 28 29 30 31 32 33 34 
406 4154 730 4483 2025 
64021 81714 74403 11798 53919 93628 11798 92046 27578 65480 57007 11798 68458 26438 37413 76153 70742 94158 11798 68885 
9001 50937 11798 49385 11798 
2509 2458 2996 11798 1336 1732 3569 2907 2097 11798 
-67 -74
-24 -80
-27 -83
-22 -79
12 -76
-21 -77
-26 -83
-30 -81
-31 -74
-41 -86
2 -70
-34 -83
-1 -69
-11 -73
-65 -65
-2 -68
15 -60
-5 -66
9 -76
-36 -85
55 1
113 -78
37 58
28 64
46 28
162 211
761 -283
191 10
286 152
440 622
384 -181
196 305
465 236
259 -70
480 368
