0.84
0.22
0.21
0.2
0.14
199
50
100
199
3209 2845 4024 1665 2006 1133 993 1639 165 4575 2647 3380 3502 1916 4801 2952 687 2436 2885 2072 4271 335 965 3618 668 322 1798 2104 3023 1025 4451 8 3120 277 989 3710 3715 743 2134 448 3993 4771 3324 42 4840 2099 4076 2450 702 3999 4545 1457 3384 1700 1800 4113 2888 1014 69 1370 4911 3446 2347 831 3284 3073 3915 2101 3053 387 4192 1239 1013 3848 29 1533 4051 4536 1137 4428 3618 4113 2814 4972 382 3493 3665 1732 11 1070 4842 2200 4738 3370 767 2930 1837 4814 4312 2726 474 1458 3764 3518 4495 1488 3707 3862 3446 539 4341 4612 4738 521 2204 3578 862 1689 2598 578 1950 3212 2000 704 86 27 4640 4792 1474 4462 2167 2066 2874 4638 1043 467 785 2759 3382 3912 4364 3347 6 1581 3030 2319 1320 3765 24 2577 2416 2177 3089 3831 4812 4886 4878 810 2804 2222 385 2014 4147 4348 2619 3105 1056 1576 4136 2785 4103 2244 679 1633 3951 2272 4335 1588 1608 4676 3911 4987 4116 4544 2857 1803 1517 2241 1605 4196 3029 164 3583 1413 943 110 4952 913 4817 
93389 510783 65033 62718 62328 46040 44275 79451 91123 86314 7544 40535 59925 97181 83945 37300 510783 54435 22490 19717 7976 510783 76157 510783 510783 40344 510783 88091 95423 52318 33879 58135 4828 510783 510783 11036 72429 89419 510783 510783 23400 510783 64084 13876 64093 83238 510783 43713 12866 84115 62431 90481 45362 7216 39434 510783 321 510783 58665 72603 510783 29003 510783 18055 70138 510783 56757 31133 21756 510783 20109 510783 79417 43737 510783 8089 71245 10585 21237 510783 63351 43505 59843 19882 16808 16018 46746 62324 96730 79356 37337 85880 46538 510783 74752 32478 8572 23930 45054 57035 2853 7154 76603 62236 33366 98188 68721 510783 40247 4695 24802 44984 30775 86235 81850 80391 510783 39279 67154 66565 51401 510783 510783 15302 92044 33065 62601 58152 40465 42173 40808 50178 77061 510783 76986 5086 55713 44268 60256 7842 71557 9336 54624 510783 5290 94016 1378 55333 59227 90925 510783 510783 510783 88820 2214 510783 5175 10017 56118 74800 68717 96388 41905 16029 510783 25286 25140 510783 75891 46858 50833 37744 75317 58465 70913 510783 33767 44954 22841 47681 510783 34211 510783 67496 510783 84576 510783 83123 63544 85072 98919 510783 5225 61721 17476 96081 72123 510783 87656 
510783 642 1933 4804 510783 3367 510783 660 3104 510783 3213 510783 3768 4381 1927 1645 4571 3494 3622 4112 510783 1625 510783 510783 3080 3585 4828 510783 510783 3883 1472 2248 1131 1941 538 1519 510783 3940 510783 510783 510783 4936 2648 1130 3705 3279 510783 510783 1958 510783 
510783 510783 1143 510783 510783 2152 3027 2183 1887 2011 3210 4322 510783 2906 1727 510783 510783 3732 2761 1945 2624 1831 4949 2551 2936 4024 4372 2751 510783 2131 1599 4616 1748 510783 510783 1219 1649 2867 3660 510783 510783 2920 3030 2208 510783 3854 1279 1425 1090 4627 1847 510783 3278 510783 2677 510783 4957 510783 510783 1351 4129 4808 1026 510783 3822 3367 4614 3822 3812 4765 4259 4080 3448 510783 510783 3433 3253 2504 2506 4241 3602 510783 510783 510783 1026 4468 510783 1487 2130 4152 4541 510783 1830 510783 1854 1190 2209 510783 2925 2900 
1 308.2502 253.9743
2 590.528 199.7423
3 275.2523 529.0599
4 195.2509 281.6876
5 219.8834 35.5267
6 387.8408 418.4872
7 233.9009 327.9212
8 188.945 599.4772
9 508.4678 241.7202
10 31.5636 206.7068
11 69.4751 284.605
12 110.8313 424.9461
13 425.4264 317.9774
14 232.852 509.9531
15 592.9304 523.9361
16 527.5365 107.4232
17 574.9957 275.5835
18 395.675 197.3125
19 373.3848 78.8595
20 511.7321 80.3479
21 537.2062 509.828
22 591.2623 410.2323
23 172.7805 298.6622
24 356.5099 264.8131
25 399.1428 152.2267
26 213.1186 591.1099
27 255.5585 223.1586
28 374.5485 429.9568
29 317.8975 370.0283
30 300.3102 150.8986
31 357.5187 104.3845
32 464.9077 135.8841
33 547.9155 288.9946
34 152.3392 328.5659
35 30.299 168.6772
36 86.1243 310.3956
37 252.028 253.2416
38 106.5733 105.5527
39 481.0881 559.257
40 467.4041 29.3809
41 570.8963 483.6827
42 223.0899 9.9229
43 2.5099 227.5533
44 192.4436 430.7549
45 539.2111 307.1257
46 18.91 157.5783
47 503.0312 304.5777
48 597.2169 573.3405
49 454.9318 135.2856
50 158.4024 498.9716
51 264.6328 527.3087
52 9.4138 42.8638
53 70.934 490.9289
54 351.8604 397.6333
55 592.4229 126.0896
56 435.3762 114.9201
57 558.9317 352.6043
58 495.3146 398.4172
59 480.5557 454.9511
60 19.7936 583.6273
61 56.2942 171.2215
62 335.6886 536.5713
63 27.621 9.7261
64 93.3609 449.0186
65 183.2034 259.7315
66 199.2755 422.2775
67 234.9307 17.1368
68 43.8199 214.6749
69 86.6085 144.4305
70 89.5816 300.5568
71 392.4326 226.6366
72 277.6313 146.1001
73 64.9231 283.4084
74 231.1489 514.9375
75 204.6216 211.768
76 520.9934 333.9499
77 235.231 156.1223
78 184.1502 597.9178
79 312.967 173.1161
80 226.6155 61.0766
81 219.672 181.5558
82 594.5639 457.5273
83 5.4786 337.0035
84 306.1983 55.0901
85 58.3687 429.7547
86 124.1082 333.5787
87 529.3741 469.2753
88 537.5471 267.7017
89 165.766 319.8845
90 3.1178 511.2648
91 359.6579 530.9744
92 388.4773 382.0261
93 74.2048 354.6573
94 568.4265 593.3504
95 316.1742 319.8398
96 325.4754 8.329
97 362.1459 539.0218
98 360.3204 369.1068
99 410.3058 581.3377
100 574.9545 396.1524
101 100.0671 405.6441
102 227.761 129.3963
103 595.504 286.1466
104 562.7158 317.9877
105 135.5888 14.0767
106 329.9864 126.5576
107 28.2301 272.9519
108 122.7858 365.2393
109 230.5898 313.6809
110 22.6356 523.3745
111 154.1287 216.1308
112 497.7828 155.5203
113 132.0452 450.6797
114 538.2425 235.5913
115 98.3824 425.819
116 225.6799 433.0517
117 319.0777 375.3175
118 188.354 529.324
119 203.1937 507.0107
120 77.0533 538.6502
121 120.8617 399.5892
122 329.0376 533.2344
123 296.2865 108.9982
124 52.5166 241.8565
125 478.3407 510.9987
126 501.7986 553.3403
127 199.3192 253.2166
128 503.0381 247.1639
129 386.3395 160.1818
130 587.3249 185.0342
131 101.2175 368.1335
132 292.0121 574.243
133 590.763 103.4934
134 22.6176 136.8406
135 592.8026 5.0468
136 162.9583 296.2873
137 233.357 353.1212
138 51.1127 114.626
139 86.8364 482.1306
140 576.6848 70.9131
141 469.7724 159.434
142 491.0324 270.882
143 590.5899 584.8182
144 433.9569 362.4164
145 405.5495 269.8178
146 532.686 490.6942
147 216.7095 248.9017
148 369.668 351.7714
149 47.7282 414.2105
150 477.98 121.7133
151 437.0821 533.5967
152 293.7143 51.3174
153 126.548 134.0544
154 480.5754 344.8096
155 463.6429 215.4164
156 544.5225 88.2746
157 470.1928 68.2176
158 69.0329 71.8739
159 509.048 438.2289
160 431.7622 162.9821
161 282.093 531.2552
162 339.2064 69.5735
163 310.6537 7.5341
164 260.201 237.3734
165 164.9897 398.7931
166 163.4842 434.9476
167 285.0705 567.5435
168 243.1913 357.2191
169 155.4834 518.5737
170 382.6089 192.7679
171 215.5823 128.2539
172 312.4235 375.2687
173 368.4603 517.6484
174 128.3579 119.316
175 282.3584 301.9764
176 421.8521 217.131
177 218.058 405.0821
178 35.755 179.4669
179 391.0194 369.5895
180 63.848 59.111
181 566.8429 382.3346
182 186.6314 588.8283
183 76.4251 183.7687
184 565.6471 481.7205
185 295.6547 59.6875
186 21.1654 244.2177
187 585.4674 589.958
188 1.1484 549.9285
189 9.1209 402.515
190 221.7344 507.7855
191 491.6017 427.998
192 69.446 138.7161
193 217.3025 384.3795
194 153.0055 363.2009
195 570.1837 593.8534
196 439.1815 109.3591
197 228.7222 362.8151
198 462.9293 428.9962
199 442.5923 301.237
199 442.5923 301.237
200 419.1708 164.9944
201 416.6299 48.1865
202 244.9488 118.0418
203 453.3023 400.1339
204 436.5275 133.0283
205 523.9903 484.6387
206 528.7765 406.5335
207 436.0372 184.8462
208 428.728 504.2512
209 454.7505 156.3205
210 430.2408 461.2609
211 429.1977 231.1362
212 31.4 2.4608
213 343.3174 130.8758
214 548.8596 418.9213
215 501.87 445.0302
216 587.4551 24.3479
217 201.8377 147.4394
218 300.1494 398.3958
219 509.1661 566.3232
220 337.0737 299.1701
221 378.9303 269.142
222 180.0541 218.9597
223 278.6945 304.3935
224 80.4473 189.8372
225 47.2642 208.115
226 275.8587 274.6747
227 248.2738 244.3631
228 558.5817 59.6216
229 271.385 144.8572
230 598.3065 113.5122
231 19.8605 205.9263
232 37.7938 202.4683
233 169.7815 568.8248
234 538.4991 91.6249
235 332.3117 148.5016
236 348.7821 320.5618
237 20.3275 383.3031
238 226.8764 278.808
239 41.708 581.3682
240 122.8899 357.0176
241 87.4368 231.8827
242 138.5125 284.261
243 510.288 350.8499
244 372.0029 285.8325
245 539.9056 183.5837
246 415.3291 377.8235
247 334.7572 355.6986
248 349.8869 492.4921
249 3.0359 308.4234
250 289.3223 464.6991
251 240.3819 164.125
252 487.642 262.8086
253 469.7415 428.346
254 505.8334 571.1944
255 244.5445 70.7663
256 75.8269 506.671
257 477.0866 526.8729
258 391.1176 449.0173
259 526.2115 197.7004
260 434.4946 64.8264
261 452.9683 539.1358
262 68.0889 372.2475
263 405.9047 111.9288
264 301.4705 291.5769
265 272.2564 423.2357
266 179.9188 559.7958
267 153.4205 92.6791
268 380.6668 245.9623
269 439.9611 113.2322
270 550.756 364.587
271 267.7804 142.112
272 41.1758 119.4728
273 23.4254 104.141
274 176.0304 580.9334
275 208.2301 269.7082
276 52.4274 336.1062
277 385.2885 336.0698
278 511.6986 358.0864
279 486.3876 108.9796
280 160.8645 354.1646
281 230.7909 81.3244
282 260.5585 472.5733
283 596.9643 362.1552
284 3.6412 223.3316
285 176.611 245.3524
286 249.363 433.4653
287 56.248 442.5818
288 20.0001 232.7482
289 134.8078 355.9065
290 34.4014 106.1594
291 41.9872 566.6597
292 400.219 334.1063
293 303.4512 394.5948
294 573.0149 279.251
295 261.5312 249.1128
296 490.3987 346.0618
297 191.4115 417.9028
298 317.7543 538.5634
299 202.9805 164.0711
300 526.563 395.0998
301 563.4532 12.6771
302 475.3935 534.1621
303 90.4187 345.672
304 120.8421 288.829
305 578.9512 90.7513
306 219.3348 334.2898
307 246.1013 571.3283
308 143.7418 414.7734
309 199.337 581.0306
310 172.0949 109.2965
311 538.5532 538.634
312 53.4178 575.1058
313 140.911 98.1028
314 90.5379 587.049
315 507.9504 13.5611
316 486.6995 575.5809
317 297.3059 57.6006
318 111.0784 350.6986
319 262.557 137.4545
320 144.9599 361.1235
321 224.3933 54.3055
322 494.7665 120.8847
323 455.1619 66.1267
324 471.7197 551.262
325 53.0089 480.9681
326 121.9657 155.6178
327 254.4182 224.9094
328 343.2569 277.0496
329 372.8313 282.495
330 113.5708 271.9933
331 242.2602 24.2484
332 483.2932 349.7224
333 583.8758 88.381
334 481.2413 595.492
335 75.8232 234.9932
336 477.8239 62.0096
337 514.0929 148.3219
338 268.2511 483.2314
339 302.6172 355.4155
340 143.5292 519.4819
341 158.2449 126.6484
342 342.3692 136.5895
343 557.9954 57.4036
344 456.2456 264.5238
345 577.7601 521.5384
346 370.1179 277.8006
347 100.4021 43.4422
348 462.0401 472.6236
