0.7
0.3
0 1 2 3 4 5 6 7 8 9 10 11 12 13 14 15 16 17 18 19 20 21 22 23 24 25 26 27 28 29 30 31 32 33 34 35 36 37 38 39 40 41 42 43 44 45 46 47 48 49 50 51 52 53 54 55 56 57 58 59 60 61 62 63 64 65 66 67 68 69 70 71 72 73 74 75 76 77 78 79 80 81 82 83 84 85 86 87 88 89 90 91 92 93 94 95 96 97 98 99 
100 101 102 103 104 105 106 107 
108 109 110 111 112 113 114 115 116 117 
4901 165 379 159 3798 2660 39 1356 263 4602 1130 4154 4033 3115 4058 4149 1132 4617 2776 1083 1669 4582 3738 3291 2689 1074 1323 2700 1916 3537 3904 380 2844 1117 4190 4893 339 4701 2091 3657 1092 4641 986 3457 1488 2464 765 1992 2469 1491 4630 2397 4627 3252 2360 1325 3306 4357 2140 906 1942 691 4599 415 3107 3429 1142 495 3887 936 4343 3180 2267 491 2601 2175 3394 3308 4289 1571 1673 972 386 4145 102 1910 812 3284 2460 4336 2300 1201 4735 2351 2797 4116 1603 4872 189 1694 1062 2536 1174 1431 933 2340 137 860 4062 647 4696 1787 3334 2868 1417 1705 1375 4280 2858 2030 4024 3285 2084 1767 1699 756 3854 432 3281 3277 303 745 3158 178 3816 4969 2907 620 4103 598 4562 1664 2835 4670 3038 671 4986 503 436 3456 3952 3524 4574 1668 4580 891 1575 1565 2068 3332 3620 3291 1269 4406 4250 2844 3829 3811 3548 2596 1876 87 3379 818 4308 3837 1166 4019 4379 1839 4495 1062 4665 4387 640 3403 741 3352 4875 319 455 2554 3015 4924 4465 59 3092 1391 562 1441 2109 1920 4076 3520 1509 2905 3483 2475 2382 620 4599 4716 465 1531 1430 3345 4294 3818 4930 3900 2927 1083 2199 2112 3371 1637 1263 4163 2224 4352 1650 4813 1014 3743 4461 1962 4537 4646 1218 2661 1718 3259 2368 2090 2911 2851 873 4913 3388 3393 3638 2281 4840 4069 2778 3347 3698 3778 1127 4004 4252 4838 3147 586 2997 2119 846 4809 1952 1504 2247 739 1601 2891 2825 3681 2063 812 2427 1932 651 876 2320 547 2573 4096 1674 2882 3449 997 2517 1404 761 2661 3118 2471 835 2114 1723 1885 2840 2518 2974 1071 2754 189 1561 2379 4250 4636 3916 200 2170 3688 2401 3962 510 1192 327 3287 1147 1365 3818 241 804 1912 4025 717 3705 3138 4040 785 2370 1508 72 1004 4756 1511 1442 734 239 1874 3795 4468 585 3343 3460 3893 3336 1064 4583 1503 932 2611 2191 3131 3531 2489 2296 3550 3856 2670 4690 4262 376 2468 3355 723 2927 3213 509 2297 31 4148 1320 2385 3652 4961 3306 2092 131 2429 1804 4452 1776 1884 203 403 1824 3814 3778 2363 124 504 313 1837 2052 4266 3243 1823 1993 2011 1948 2697 1055 4938 2350 3049 2356 4227 3052 2417 2475 2566 2432 672 751 4220 431 365 290 3453 1154 4931 4147 4577 3804 296 2490 1668 3467 3549 4900 4909 4757 4217 2317 3208 2694 73 3119 2499 3520 4794 4330 3038 4351 3192 3210 568 2205 4081 1850 4278 1818 4252 2801 1995 2037 3691 921 1724 2750 1404 4613 3988 2838 1141 3324 572 55 3566 2025 4980 785 3180 4908 1457 4315 3571 3375 265 3456 2790 2067 2456 2445 940 3302 2857 2236 963 2211 1554 1157 2719 520 3355 1870 155 2011 1135 1658 774 2604 3949 4237 1463 4919 4336 801 76 2827 3161 2894 669 1257 107 1152 3967 2406 2455 1980 388 4705 4649 2016 3369 950 1496 3183 4133 880 3230 3337 3845 3014 2736 1385 935 1155 183 1282 2103 1151 748 3860 701 4374 392 1468 3742 2843 4198 4224 1975 4012 4734 3385 1457 4873 3195 638 411 2124 1918 1205 4006 3848 543 4879 4865 756 1531 1679 1884 3407 3844 4056 3907 959 3396 1665 3759 3937 501 3175 2909 3765 4711 2218 287 765 2706 60 2273 1204 3648 2533 1480 
12420 16581 1496763 78038 62128 1496763 1496763 34410 84009 93118 47985 1496763 48149 68704 1496763 29157 31051 59652 1496763 15152 1496763 48781 28768 1496763 54389 1496763 22883 1496763 92571 1496763 65291 65566 1496763 1496763 34879 45299 60580 1496763 91194 52192 9727 68472 1496763 1496763 9597 70613 62872 1496763 90884 1496763 83733 95259 53194 14526 1496763 1496763 15987 30954 81397 44895 1496763 60187 39650 69949 15608 1496763 1496763 49930 25708 42067 1496763 79551 5617 1496763 92238 40228 5643 1496763 22174 87585 8593 1496763 62884 42693 9396 28275 94894 11749 87690 58975 3071 1496763 82894 46635 1496763 94855 1496763 1496763 12333 39403 
1496763 1496763 6270 1496763 94250 5539 9228 80196 
1496763 3196 1496763 4846 2492 1496763 3387 4081 2369 2775 
22 -22
50 -12
29 -33
-5 -73
-7 -65
59 -70
40 54
40 -2
42 -25
-5 -72
39 -34
41 18
42 -1
23 -49
42 -45
35 7
20 -53
33 22
46 -41
-4 -51
11 -43
34 15
11 -51
11 -50
8 -23
22 16
37 11
31 -22
17 -23
49 -30
7 -39
12 -64
-10 -67
43 -42
45 -16
44 -38
26 7
38 18
43 -40
40 -15
27 20
41 -34
23 1
27 17
8 -51
-2 -62
-14 -80
14 -45
34 4
-6 -61
29 16
21 -13
18 -22
23 -13
42 10
6 -55
51 -22
52 -29
35 -1
16 -8
35 -2
37 -14
45 44
25 -49
30 -46
38 38
45 18
36 -11
52 -36
57 -48
59 -39
9 -48
-7 -61
30 -17
20 -42
41 42
43 -23
53 -38
26 8
47 -11
59 -74
41 3
9 -49
31 -16
4 -37
20 -44
-9 -76
57 -39
13 -34
24 -23
7 -36
20 -30
37 -24
48 -41
20 -22
17 -7
39 -17
35 23
40 11
0 -42
-102 111
-129 44
-42 90
24 84
6 54
12 54
-85 54
76 115
314 -784
-295 -677
-545 200
188 -534
313 -808
-660 205
-234 -333
-676 374
-217 -641
433 -692
