2.569875533960732 0.974983797047337 2.652935192813006 0.11067645579986211 2.9780603301552 
3.1411028150894653 0.7675138094495277 5.878279089574622 0.6242702227521645 1.5064255786244423 
5.20654946024495 1.1448950750526796 3.293241904915242 1.3186500200453057 4.891556938241636 
6.793709629702195 0.7471405076121808 2.36283742492367 0.2408479051754789 5.003671313303087 
1.6256260471616375 0.3809589090470184 4.500015475798601 0.2758829035454421 2.905745569010131 
4.046976203852301 0.43304448282078106 2.5863969450365265 0.6408470052020893 2.045425066321296 
2.9597666387329156 0.8779319307667376 3.539702610869857 0.1864321984598559 1.7672608349380008 
4.548732366903817 0.5873821620809727 2.170806019361428 0.6724376665094268 1.8185668953917298 
2.6130554164697966 0.5338573656883848 5.693820064851512 0.7379476567676587 2.6122464812473583 
3.739402861343147 1.1423122347510444 2.1161653378140843 1.877848227237534 1.7795025002117624 
3.472523729416249 1.29366879993672 2.44095215213402 0.310785723377177 3.6192232557247674 
4.123658975809457 1.4630714988109368 6.571893318118033 0.47423200964866036 3.258761169363311 
3.6030123450374854 0.23824280277576393 2.2395210842518556 0.7145744805291816 2.7065191303330587 
6.507347198153276 3.4354378955802374 
9.128554773346643 4.467480385798429 
10.430018830568693 2.8785750771023912 
5.652668430764431 3.0974158797844513 
11.469143045703602 5.502497416838061 
40.51604929025832 9.80236750137086 
22.632687431310007 7.1654854852443455 
14.41128458054755 17.302701618310614 
11.781193119775953 8.833288222584711 
15.115413617102716 7.14753969314201 
15.886154556114391 13.376708246761815 
14.321631294232944 10.35076764670273 
25.719203967559473 7.903655071939233 
20.909212042056865 9.442178274746027 
25.476509284535943 6.221260579216432 
35.04762619298939 9.052302453258935 
22.353070813699386 8.576642319286634 
15.139970015995608 5.99194608420886 
