3.062146430227709 0.7807874719770949 2.187523412917443 4.6740563629682095 2.6457047895750594 
1.2642196450701784 0.6806824303100244 0.7675209677538825 5.73855929149703 2.5713352041240136 
1.7593906332789149 1.114043319797044 1.471351752621667 6.316814564256361 3.8697931920060706 
1.087288869923603 1.279619811951813 2.082870834576457 4.329893797891878 2.7632683571520285 
0.8643397744375667 2.6576773794633937 2.896250135554508 3.3103620669359017 1.7556579978326516 
1.2410800529050452 0.981203094856032 1.5844084898910045 3.2631701239428117 5.953493610332028 
2.1517871305659884 0.5551028496721819 1.3300309737000149 6.1826432541195855 2.821308623229545 
2.4081448282427376 0.8588689513678383 1.262791911363397 5.127533936123535 1.4567249095865586 
1.1245745916029177 1.9090256340696583 1.2506621807403917 2.4569613958407523 2.9338250796350467 
1.1078595433778526 0.8497455061326105 3.1356714638961174 8.016211837544285 3.2651234492196872 
1.3296522435275775 0.9637320802751993 2.212529752425521 3.1041325057144964 3.6705506078104304 
0.9866130126167145 0.6714783763562142 1.0959187695055648 2.6879276058163417 3.39652976138745 
3.127651699367901 0.6944076789487302 1.5177972140025633 3.349694886632211 6.9221459542528105 
5.28096363292924 8.293822676099435 5.551234909717663 6.988803315319848 5.0111484314831625 
4.2541475751108155 6.895297725156634 10.372367402954795 3.862460258590292 2.9095057593012528 
4.3940976190887975 4.731965309286136 6.248631227588892 5.45663280646922 4.546096453033749 
2.7994770819793473 3.260444797548386 8.033362042666063 3.9537781508708485 3.2515611756457794 
3.2689288372845544 3.4034141698215956 8.008836077913367 3.687025139678969 3.3935958646417066 
18.40723679844441 11.403521343170834 31.795922252555936 8.729511917554895 7.649536035518177 
10.910383011591973 9.234904557683093 9.849205491890986 17.314565579439464 5.467224219289662 
8.804038430246303 20.69135085896232 10.490038663758046 14.188129571931071 8.157367829455948 
15.622010634954217 15.627584059860721 9.739543219943908 23.554028827049667 11.338833520449397 
8.761814873980839 25.56118663545018 12.944987512869732 10.468836226589739 7.011075351299227 
20.16731005828994 10.149049553460966 9.457238724558263 14.263018524724789 10.239046864011721 
22.555132272322194 11.58803297616794 24.172672163759334 8.861275864019484 8.649664078352966 
9.90265272320141 10.397506739784726 23.437266966909256 11.590142164750155 10.54738891013508 
17.53077619316615 27.87325034247427 17.677580663743804 19.52961110743127 11.398638385045256 
8.474565417346643 8.602143932998187 17.729729111402374 10.95509073520545 13.855147261246337 
9.078549268349926 10.226359744169816 34.802021617772 10.409831567670242 6.0102405885084815 
12.298628311800384 8.536664791774287 17.86134891075951 22.481557105446093 7.687485191616874 
6.363547572729915 19.263798673301086 10.814298434343648 7.627192541161095 5.891693843128393 
