0.7
0.3
0 1 2 3 4 5 6 7 8 9 10 11 12 
13 14 15 16 17 
18 19 
1316 3473 1166 1323 3135 4336 1394 4365 3423 3276 2036 2574 3186 349 3757 4586 2008 4413 2358 2670 1423 4624 4082 4889 876 3340 2784 3420 3373 2560 3242 4111 4293 1636 1850 4279 1322 748 285 586 3638 2523 235 1964 1941 2616 3985 4124 4540 590 1164 4483 1994 4791 4619 4381 989 
157444 17346 65695 92446 60082 36841 157444 82486 84728 49271 157444 62157 69393 
65088 157444 18965 84308 157444 
157444 4805 
26 -8
39 -33
43 13
43 -14
19 -22
-4 -8
35 -1
43 -29
-26 -14
62 -42
44 5
45 6
5 -1
-11 -145
5 -19
-13 -143
26 -12
3 -111
744 438
390 -18
