4.181597895591421 2.6093689064711008 4.903864866916697 3.8403070684190577 
4.807535560181779 3.782483866378577 3.3220409360512777 1.5364505086360258 
8.382061151296455 2.978217785778645 3.720207520516234 2.412940489222696 
6.08351084905877 7.020156674595649 8.003632732633475 6.880462768468121 12.004428434689082 
5.2014041016482535 8.396711716646372 5.21166086514167 5.938100358880147 5.79247068364401 
4.616983646959879 9.676745693232762 9.035983266122274 6.465890619795764 6.640548235759828 
4.663571957416558 4.815372141509314 9.106534563128976 6.8077620649845185 7.857411833910533 
15.50594356489122 18.654872787350598 13.991287855298092 20.42485066186126 27.260025880975665 
10.918014461562782 9.653308636731483 21.056409025575196 13.270786527538085 25.501465663793073 
12.07424769127343 9.532342016529508 14.85606388785332 17.360419322852877 11.16768346404741 
