6.23687431292526 7.473535116456664 1.2526490700571449 
4.943898438679727 9.745493693380878 0.30396975128338743 
3.8122731651739232 8.27875305330966 1.2659698633752108 
4.625584512813092 4.858035186562369 0.8209261369610353 
4.564071008568458 6.960463907309587 0.6423781868435637 
6.2162717661776234 6.176984549875512 0.40155880950575373 
7.78775198477219 3.5555435435252822 1.4164198670362407 
8.23531705049979 3.3413969262849625 0.4251112572276015 
3.3199089697938846 5.531418164463665 0.9469477570109512 
7.722940194005201 6.8897897326673165 9.383472540765158 7.535835377682546 7.259073273642272 4.976435197265174 8.172044729694878 
10.017219156305384 8.697044992478551 8.415991828996082 5.680672469958795 8.53937864614765 4.586968227515248 5.8325190211065845 
9.3800450175827 6.4932687359829115 12.53530681886766 11.701704690964421 9.219334100846012 5.757086080743298 5.454909628853935 
20.197711885815988 22.083048813201614 15.547238276917806 20.7456351066395 19.94214249635753 22.82120862403042 13.259879324312072 
18.454882713512074 28.074633522224545 38.347734851624914 21.82361203095557 26.793054684786334 8.949628821790208 12.704548420953358 
22.17705986470305 9.875896878650565 31.705121453187445 13.784426972968348 11.341487697706329 10.959157440442672 14.06986588666763 
35.111619968754255 16.656962843230296 13.19867036699318 10.895862885001778 24.002556701009645 16.608965430649327 21.155335453285176 
24.46973591014222 15.755493393538888 28.010116349102177 22.99363613025739 16.56553155525306 14.649290091802648 9.941460320695336 
22.62281221911303 31.33648153285618 29.267446860338858 11.809072402453376 10.157996489890602 10.028431492096166 30.704703604032982 
24.029349700290307 15.57391298243819 18.68516702880882 15.418109907758229 15.898240867169402 12.045880074529489 14.856094739728714 
14.013993233318933 10.33475324947943 30.693847271537013 34.84346701226619 20.869597325922054 13.174119511125317 13.745637517221821 
26.6592926508459 19.67965550692912 22.2678284468474 14.506885232420268 15.364913294584303 24.297931825518294 12.621870528513483 
