4.077141956115311 3.9035458413402306 3.599261605215257 3.3767494712951294 2.925751014018417 
2.888884267152858 2.3283003920614194 1.4999216198658518 4.091249591925509 3.1376403587990636 
2.7263486323849615 3.0019667929553346 4.270555703895924 5.10027142017968 1.6638492225365966 
3.6576541983119486 1.8997129606589171 3.423069184323262 4.133504648005533 2.0931749136827644 
2.6746461180413386 2.3742800880902672 1.7671543818101119 3.4454843816037446 5.812271200391103 
1.8496288255910962 2.4472830967728103 2.2446551034802598 8.905702149639133 2.4602379211062346 
3.956245661095608 4.056017266681027 2.477829705171502 7.913663201353203 3.874705438054555 
7.872423496334391 2.1462968683285144 8.328213599753193 5.2443001159065314 8.284503323051355 
8.617669892955723 1.1543795133255648 5.370007262045209 3.2656478453610625 4.993407678497567 
7.417859876900572 1.868722223979347 7.175366764946161 2.947355308750799 5.424536193602769 
9.03618276409821 2.5329425742922584 7.618383396943998 5.407677103810487 6.885767677192972 
7.443522912054247 2.12488817153866 7.937821483643504 4.8999254550490035 6.112734240598734 
23.939908197193315 8.175426460012853 9.574079213176269 7.994900817959531 13.429024059574072 
12.109083400126828 11.6165543449609 11.991939657289878 8.170341669708167 35.21521770141275 
12.763303593313731 5.935783465841461 15.627078304017004 8.638672506713865 19.058775373478753 
13.638921308999647 8.788374765036952 10.331206334969927 8.922329139895211 13.555533474562758 
14.283574709953877 11.304092149835693 11.56234478382744 16.638749595197392 9.842153523065717 
11.660028311913743 7.090963180848666 11.679265213099857 14.303484579928247 16.537704897287842 
15.870171689048641 4.846350051665221 10.437385568048972 11.882065909408546 9.87371389396399 
