9.979657557961968 2.9930289949408238 5.118719608851658 5.432026626274541 2.4141130949488048 2.1065950050822044 2.414208222444997 2.6292331410662824 1.8711173137648984 2.613714197243278 3.568338842711747 6.377568687980965 1.7771306818825021 2.851415174537391 8.551807041058176 1.74248310905965 2.2570920033275743 3.431198352881317 
4.614986800160473 1.992911895011845 4.656245501320432 5.691431028149703 4.042357789531754 1.2823270873434096 2.4699295024575596 5.782440943957094 3.263501863193949 4.282253336232768 8.384744438114721 2.7777016616580568 1.9756910270322912 8.115650116962778 2.911477217067538 2.4715569858632724 1.6878827683500084 7.499346650679792 
5.026088191530202 2.2924369166623713 5.074604527718705 3.2604487183952804 5.445696230281288 1.073875049375051 4.674230049040445 8.150554655958716 1.2413873139987588 6.965570278897123 2.850029600476795 3.7276658952726907 2.993192318415475 3.2511774442535972 2.7456052638505377 2.5449573261456715 3.3228655496783635 3.1175015526435472 
9.608907899036073 6.759091848000849 9.71651135764655 7.979243559819003 8.544311732210824 1.9276927798953223 2.256325188614558 3.63530569218965 2.996053051168163 11.616284851184274 3.195608389092514 6.241848748424658 4.1062974507464665 4.913822037771782 5.214490886093197 1.9824193259891463 7.742980167672415 3.2453850118957557 
4.68392748061155 3.5052781394420283 7.240647043869067 4.805398868940975 2.665404730983768 2.2331403370288454 2.6641279832138953 2.7964973078267965 1.6419839710088313 5.090400701109916 4.037041327571258 3.563552434143551 4.14697864452058 3.2702287892618194 4.815854901603344 3.368655773451669 1.678401532252253 4.4544911186728395 
4.129020744548826 3.6592264544636026 6.279043185432823 7.023214338292932 1.5091227570814643 1.0359440605482784 3.3288265791928904 2.5570046001461946 1.165862160458504 4.5248926803159515 1.9824153674775298 2.003335098127437 1.7537526999679192 3.9090474008490714 6.218927175235378 3.1734777017746527 1.2275630233985861 1.5583766111778041 
3.571477524583341 3.50186558568376 3.122331050154265 2.7494569125238995 1.4032056059583835 1.2003640602824968 3.343328278241558 5.36069802780611 0.938886464514885 3.5834193484477903 1.6691892563644224 3.1245987197265457 2.9722146961886957 2.4346387827339253 4.70106244287275 3.8053121350067887 1.7939961133371798 4.44108215813402 
4.33986583866947 4.665342610437997 7.957169494441437 6.661061239957259 2.785115855912786 1.7917361371125202 1.7916785479565582 3.7493746320937795 1.843087723644821 5.440118512707469 4.255610855114795 4.069222125850535 1.9760748883836887 3.0943603960710218 2.9618921365365867 2.6086313297266797 2.776556121404934 4.313417094187324 
4.274221215267959 6.874832542830599 6.652381709447426 10.698146871782072 3.42198841589131 2.9970992604122384 2.744185345091015 4.436688902154398 
2.3438849426548156 9.381826063709779 6.333611796049014 6.956751816737741 3.729804430820296 2.5261352460241526 3.087827562221616 4.751302369335916 
3.0881756767940636 8.754818412372032 7.6184828467385275 6.713492937399399 1.7489495264593249 2.675085869930012 2.0980017282677244 7.962982755203127 
2.9597017601826296 6.330742163559282 5.457931907226529 8.39341154918816 2.326373854872691 4.058242979965051 4.064837961780927 5.560989660336179 
3.453063128817644 9.325220864045434 6.935059460816496 7.656268985022641 3.303666919444577 2.97145775565265 2.724780208607796 5.257165896328723 
2.5741469585288095 6.530110808625578 6.776090048953707 8.064251612222398 4.05687920482614 2.5224578887692717 5.098498180220879 6.17524339123407 
3.0078586665117046 6.7633065684924185 8.182473232578522 8.30879113190395 3.6422829082317265 3.7469138966365603 3.1001054352586332 5.126359621081648 
3.0070234087944345 6.111216105084344 5.635140929204828 8.123150327118513 1.908134351606155 2.148500805578977 2.3126950711544687 4.630153943719049 
3.2571159206623954 11.792180205155653 11.931097058239533 9.562459137896951 4.280536030708372 2.8637985925007943 5.731756847165216 5.752512887915692 
2.1969003940441367 8.175626961493316 10.91001557609209 12.168690626366663 1.579707042325896 1.8465084980876783 3.4902973393727774 6.0102224889612765 
2.5559526630677074 7.2277478272413385 7.266041936927479 8.161753630719911 2.0438302682707206 2.0725742994192147 4.85266332934206 6.949984052076669 
4.084439159471271 7.419980050317334 8.744002220193671 7.48457921517528 3.3157710838507817 3.8638939059853614 2.954201476163607 4.765244221134586 
4.7378382020116625 10.519524517736508 10.83780938524082 10.559513478284208 4.724087451210869 3.645654770420966 3.423575301797749 9.030509956027084 
2.438074666697025 7.016955778886979 10.59726816067221 10.384074274856854 3.276355749781862 1.9433419539124626 2.9648332718388213 6.565933150707821 
2.8300460534128966 7.231941343040458 6.3899336235031665 6.140760937475299 2.3248479805547153 2.983104657006509 3.3551575231102544 5.256233526321541 
5.3201999831295295 8.641116580470516 7.700088945005342 10.630061997526003 6.774087260199473 5.473990553633434 7.089583348976312 7.927185160858842 
2.9968356967719028 6.142255167164853 6.498952335670939 9.618830629394184 3.7684860951394703 2.5431628652385245 4.780235519802636 5.877870856879116 
2.0003235982021788 5.997526295272455 6.556547986685043 7.559189656020971 1.885380465427637 2.1864561332068386 3.623040062913947 4.71770173556611 
6.994636908428216 22.054472213407994 18.382987623802034 18.358863330235227 8.909388018552617 7.6267617349926535 6.542414166440318 13.483580528151688 
16.12603079564253 13.620297022179335 24.817334690847257 29.575630832124396 13.39532421762174 16.362716235051938 20.674903695832793 19.323925181650353 
7.58447448956888 16.203218966579634 30.201187465165432 30.399953270801277 10.81733536783664 5.04214024339377 15.067487337359765 24.22118494352459 
8.965755222069722 28.784410308468484 41.11588494040358 36.0217108130815 10.395896964761274 12.110739493640747 10.049583870647247 21.589873444796652 
11.84122213568756 16.074854982503204 17.64571236511174 35.24648829220035 6.135646190532811 5.025561533912297 15.033597530293381 15.220510013581233 
10.053226210267145 15.190068263371382 13.54689026006722 13.84864075011707 6.68409289786948 17.236411993619466 8.805298008174372 29.91394780610921 
8.088373951956344 15.161490099480394 17.44717857646517 17.23840864785074 12.158629877841227 9.58953378410385 10.14249708721427 18.28236064306908 
11.377083676131265 12.017002633622962 18.284749777927598 38.84469674483064 7.532527247669703 10.942579139411725 8.340727271301867 17.13896930759508 
