0.7
0.3
0 1 2 3 4 5 6 7 8 9 10 11 12 
13 14 15 16 17 
18 19 20 21 22 
3310 3486 1008 624 3403 3413 4789 4852 388 4019 3954 3437 4798 1204 2266 1277 4224 4094 971 3895 2974 2818 1144 3573 4623 2067 392 4925 4049 3019 
63830 8056 88996 88996 88996 18822 17908 88996 88996 88996 81627 94652 49099 
50489 50521 82229 88996 18152 
1730 88996 1462 2880 88996 
-62 32
-60 24
-59 23
-40 33
-22 62
-37 32
-74 33
-51 54
-42 30
-65 34
-50 41
-43 28
-71 27
19 31
-81 3
-8 3
50 161
32 130
54 510
-9 628
12 743
-90 522
-62 393
