3.04370769966717 5.661853163796707 4.236563600696813 9.88176752501362 
2.579784886962441 7.542951766015375 2.7526924993649766 3.2669462135160243 
3.843669695957741 3.3967246504365227 3.815080565458391 3.588088408246862 
3.6842326138773624 5.094277339002684 5.773628067637139 4.662039047624874 
5.460470113823841 4.495264405547914 8.405463664590382 4.589774680244287 
6.320381481398158 2.948576218795806 4.180511787393627 5.11260675946405 
4.218920449730634 3.0729494699881106 7.08614753711393 4.260720776448241 
6.901508096103325 4.523516169115193 6.661932471170438 4.29578768040539 
2.8959044779035716 9.012706474487233 5.238641686578976 4.317611328793051 
4.784459694092826 3.8869489260647963 5.684779069380408 7.577152120141852 
2.6303740641040343 3.9606352093219597 3.1897916750587014 2.8035837694126187 
2.340653309045944 5.284174693593848 3.6657019508462128 2.307982125347552 
3.0220888698983646 3.4810434408371203 4.296445845946333 4.085589512772001 
4.380531110320366 4.428920521168013 3.8029804004325927 1.9502459820670532 
2.64488877994215 4.235019318313631 10.688667668777434 7.020651418070406 
3.738192079108077 6.089057603005096 5.503599522008121 8.531110797411845 
1.8724498420364004 12.201891536358128 13.968284496258125 4.941800496952744 
6.7067138389541485 11.308475357317283 4.332870487425676 18.674588153501915 
4.326410754996094 8.182758531553231 6.837177402023456 7.950245330378465 
5.251600520232835 9.124849772049474 12.020143859405207 6.670753182878002 
3.2814832427482155 7.94639799082682 12.853210719130367 9.294887052475545 
4.229477918162374 12.436851946238274 7.553081178539312 5.929796063680308 
2.4188719427516303 12.541693084981103 9.465682440103546 15.30583486713057 
2.5702192976083285 8.229000818868927 4.875352487253752 12.028150579145228 
