0.7
0.3
0 1 2 3 4 5 6 7 8 9 10 11 12 13 14 15 16 17 18 19 20 21 22 23 24 25 26 27 28 29 30 31 32 33 34 35 36 37 38 39 40 41 42 43 44 45 46 47 48 49 50 51 52 53 54 55 56 57 58 59 60 61 62 63 64 65 66 67 68 69 70 71 72 73 74 75 76 77 78 79 80 81 82 83 84 85 86 87 88 89 90 91 92 93 94 95 96 97 
98 99 
100 101 102 103 104 105 106 107 108 109 110 111 112 113 114 115 116 117 118 119 120 121 122 123 124 125 
4030 3118 3164 3966 786 2403 1168 2385 3533 3034 3579 2156 792 4021 856 2486 4854 4749 4159 1047 2166 1186 98 4519 1631 2188 1367 4954 508 3773 2930 4819 4284 2502 2158 2171 1783 4987 1376 479 2515 2910 3492 3334 2883 1603 4971 73 2535 284 3075 3181 4398 2705 2014 1652 1090 1640 1463 423 3945 1730 4782 124 180 940 3758 1871 3127 1250 1457 3749 2641 75 1070 4983 1976 2646 2888 2283 1713 741 4242 4081 3820 1097 3379 3901 2670 3164 4942 4793 4897 2743 771 321 4371 3163 705 2343 799 48 3313 3460 3208 3826 4760 2466 4939 4926 4898 3007 3160 1903 1518 706 1082 704 2342 3120 963 664 966 3441 661 3679 1788 3479 2638 2266 4610 1656 3283 2326 1139 131 1420 776 4678 223 887 2678 3618 2298 2147 1961 3046 3099 2216 38 3456 3674 3855 1065 3359 3366 3487 2321 1708 620 3655 4076 759 3737 2231 1662 539 1899 3427 1254 1747 2411 827 1957 1263 2741 2398 4174 4725 3255 1739 4136 2213 3449 3063 3527 2692 1298 4293 718 4474 4426 2667 3867 2329 3286 1697 79 2179 3597 1430 3647 1139 2597 4269 1013 2539 1035 4230 2097 1081 2666 2236 646 2286 4144 2241 3527 2782 1728 2128 1291 3963 1535 4775 4761 3712 538 854 4557 58 1805 912 3274 2744 1841 3587 3547 1919 3335 1274 3257 2497 1626 2569 1681 4861 4349 4581 4261 2464 1767 3390 2939 1545 4780 976 3553 3124 1713 1934 3391 1154 2059 508 4726 2471 3878 4112 3705 3689 1972 1413 2598 4652 634 1119 1055 1118 1218 4380 691 2327 2251 4427 4993 2562 3209 1507 1997 4988 4170 4982 4152 2306 982 3282 2772 3369 1442 4517 2120 797 2799 429 1205 4982 612 4553 3693 2563 2691 2632 2596 211 100 1145 4410 4119 2539 1410 2200 4931 464 567 4648 2784 3922 798 3240 1645 4271 1577 3530 3307 1155 4800 1418 4290 2809 484 283 3988 3614 2076 846 3238 4610 881 1541 3064 2424 4006 3537 1164 4289 2655 671 2221 4674 4485 14 4266 2719 550 4114 1424 357 3294 1816 404 1587 210 1125 3197 4057 65 3976 3957 322 3742 1438 4745 2260 1438 2037 4720 2406 1640 847 3551 1458 771 1709 2749 776 4305 2471 3387 376 2485 2850 34 1494 798 4239 181 3831 4788 4616 679 4138 1751 2903 296 842 2091 1241 1601 2332 347 838 2571 1556 2769 4551 473 4659 2660 4338 3075 2484 4441 1845 665 731 3804 4747 2911 4078 4714 3518 4389 3517 4516 2715 4226 2743 2945 3953 2231 3973 782 4608 1577 4124 1164 2891 4744 3145 3857 302 879 1894 3365 2903 2901 3316 2267 436 4662 343 4799 996 3479 1618 3382 4627 3415 3389 1334 1710 2850 53 520 3149 2537 85 33 925 3407 2116 2323 2337 881 2742 495 2267 3606 9 3097 1505 3911 3930 956 74 1562 4060 683 3335 1238 1750 614 280 4519 4798 889 4716 749 3178 2103 3446 1568 2692 244 3589 2842 3382 1012 1911 453 4774 1215 3072 1593 61 3397 4647 4061 3661 4831 4382 2518 614 169 3962 4076 149 2279 2599 2663 4569 1684 3221 3807 3369 3268 1995 1372 1076 970 3681 2963 4118 2136 4040 2191 1027 4886 786 3376 4970 319 4258 1814 662 330 2556 2525 1563 440 2529 1198 2632 681 2011 2072 4475 4173 3688 3464 4521 4870 453 3641 2312 4915 3761 1374 1215 2217 3674 2749 1864 2316 3180 3964 493 1 2329 3375 647 251 4387 3869 1662 4691 2341 1955 4694 444 2896 2432 1865 2731 1339 3289 4652 4386 1576 3704 1973 2217 1506 4729 1675 189 1577 2156 4605 4775 122 4406 1473 2583 4454 4766 3411 2032 581 3556 4321 4916 4616 4746 637 3439 1392 4648 4848 2490 3034 572 2484 1913 3520 429 2624 4665 4908 3638 3290 2337 4104 2908 1266 1853 2714 2493 4092 3996 4613 1256 3164 208 4880 1891 4731 4246 1696 3053 2503 2179 3778 1565 2305 4323 4546 4646 2472 4656 2771 418 3 3642 3470 17 1410 166 2012 492 3526 4756 2841 4143 887 4469 3525 529 1504 85 1946 4340 1718 850 3715 4140 1217 4276 1286 590 3637 2673 4490 2529 563 2397 3037 3274 4174 2483 2986 2325 4705 699 47 1631 508 1013 3303 2864 1822 3392 2468 4746 3601 4759 3954 
52391 81968 1937826 20548 1937826 1937826 1937826 1937826 62178 1937826 30539 49634 1937826 58286 20862 32522 1937826 65442 44692 66226 74792 1937826 1937826 17548 14053 65001 1937826 1937826 90885 50609 1937826 55144 72304 88847 20658 96802 72132 39523 82596 1937826 95279 29788 60550 1937826 93269 1937826 1541 23073 45468 81987 1937826 1937826 1937826 21813 5429 25638 1394 81215 39315 66512 1937826 58518 33593 1580 90926 1937826 20655 39170 1937826 93808 9685 1937826 1937826 87768 97089 95780 7333 1937826 1937826 35895 69883 84058 57383 44681 11730 37549 20612 1937826 41408 43436 69123 84549 87440 1937826 12846 26698 1937826 37359 
1937826 24297 
4861 1937826 1950 2075 2267 2329 1931 1937826 3941 2468 2761 4251 4252 4694 1109 1448 4878 1937826 1937826 4254 3886 3497 1937826 3986 3802 2270 
-11 -84
-7 -65
-10 -86
-55 -65
-6 -82
-7 -73
-44 -71
-5 2
-1 -83
-6 55
-9 -48
-11 -45
-37 -74
-5 -53
-2 23
2 -60
-3 -37
-10 -63
-6 -51
-15 -51
-7 0
-13 -14
-2 -52
-7 -51
-7 -48
-6 -86
-6 -16
-4 47
-6 -10
-10 -63
-7 -13
-6 39
-4 13
1 -40
-11 -30
-8 -89
-26 -85
0 -89
1 -54
-6 18
-44 -71
0 -8
-8 -11
-37 -75
-24 -82
-8 -71
-13 -65
-5 20
-1 3
-17 -84
-13 -53
-13 -5
-14 -40
-3 -69
-41 -76
-14 -60
-4 -31
-20 -71
-21 -76
-4 -78
-15 -24
-5 32
3 -89
-54 -67
-50 -70
-7 -82
1 -44
1 -25
-7 -49
-9 -45
-29 -83
-13 -81
-66 -60
1 -25
-12 -13
-4 0
-9 -26
-2 -34
-16 -34
3 -74
1 -85
-18 -61
-3 -51
-24 -85
-4 1
-6 -41
-7 41
-6 -35
-6 -90
4 -69
-74 -53
-4 -37
1 -80
-9 -51
-5 10
0 -37
-6 38
-9 -65
-83 -49
-85 -18
658 150
593 304
-639 -827
646 40
580 30
481 -186
442 -215
-78 -571
669 41
699 -183
747 78
-326 -718
727 338
514 0
548 29
659 341
738 135
762 363
195 -509
335 -351
411 -182
442 -221
649 -167
-784 -199
111 -565
693 375
