1.1235246551198672 6.02172940631167 1.461975818268049 
1.7598069807218986 4.753465724201784 2.5898190281953295 
3.9255017801106664 5.264860037543477 2.206220936159317 
1.5092391269331091 2.079292384996719 2.1352881938707506 
1.5671031549381849 3.5634632624599627 2.741183014711469 
4.954566782880883 1.9013528360045195 3.396504461708814 
2.1694289960675466 7.111567832979606 7.30084574713017 
2.081879665608835 2.60909954663478 2.2091894094180287 
9.995752693699949 6.964819680334167 
6.91828867083663 3.3628561611729455 
9.99928015657406 4.209531268383584 
4.240713327879129 6.050053244773793 
5.38830822654022 7.076537952375067 
6.072038052978042 3.3815674367055606 
7.4354632878665665 5.234475182657911 
10.355156051646846 5.89803078496717 
6.857598065053233 4.983458217779725 
7.206097355646883 4.3434792527750465 
6.950784197347324 4.099035885804574 
