0.7
0.3
0 1 2 3 4 5 6 7 8 9 10 11 12 13 14 15 16 17 18 19 20 21 22 23 24 25 26 27 28 29 30 31 32 33 34 35 36 37 38 39 40 41 42 43 44 45 46 47 48 49 50 51 52 53 54 55 56 57 58 59 60 61 62 63 64 65 66 67 68 69 70 71 72 73 74 75 76 77 78 79 80 81 82 83 84 
85 86 87 88 89 90 91 92 93 94 95 96 97 98 99 100 101 102 103 
104 105 106 107 108 109 110 111 112 113 114 115 116 117 118 119 120 121 122 123 124 125 126 127 128 129 130 131 132 133 134 135 136 137 138 139 140 141 142 143 144 145 146 147 148 149 150 151 152 153 154 155 156 157 158 159 160 161 162 163 164 165 166 167 168 169 170 171 172 173 174 175 176 177 178 179 180 181 182 183 184 185 186 187 188 189 190 191 192 193 194 
3673 1193 2886 4930 3547 2276 3710 485 2414 1264 79 3901 4802 834 2441 1531 3782 1455 3491 4139 3861 4730 1861 2019 411 2344 921 4800 680 3859 633 331 2459 471 3814 4927 2158 386 4598 3733 3758 2308 3726 2780 796 3159 1282 2461 218 2033 5 3594 2486 4345 4319 3268 596 627 2973 2187 3386 4615 2680 114 1613 4234 1182 29 4634 4757 189 1685 2516 1115 183 4275 4837 4979 128 3333 2945 556 464 3616 3023 845 4785 1802 3595 3735 1051 939 1020 98 931 4391 1408 3484 249 4698 446 2477 3466 2969 4963 4030 3403 1243 3186 892 2054 4825 477 2476 2852 2557 1132 420 3002 1956 4074 1305 69 1487 1164 2396 3968 3161 1249 4392 2455 2473 1063 4989 3873 4107 4167 372 3056 1391 1888 2121 3351 3048 3123 4600 4401 1853 3263 392 3374 4517 2478 1416 1516 835 2567 1500 4668 3292 3976 4310 1212 4244 153 1100 1313 3734 2891 4048 3065 2320 4216 4304 4872 4267 3154 315 715 1913 3844 1511 4517 1889 329 1792 2624 158 487 1493 2160 854 2805 649 789 1987 1108 476 4276 1822 3777 4086 4517 1607 2645 969 4799 2076 285 2408 1306 1009 4677 2710 639 4156 2564 1720 4397 4668 4791 4819 3655 2774 1327 4345 3421 4811 662 2373 2200 584 3563 96 2247 1803 1610 3929 3279 1411 4492 4839 937 1047 3701 3359 4987 3457 1648 4440 2585 985 3003 208 772 1578 320 3999 114 4397 4504 4197 1074 3939 4483 1442 293 441 2489 1132 2770 2317 2362 3757 3322 3461 529 4055 871 1197 909 4583 4072 2976 4441 4919 3148 572 155 2185 244 2012 676 311 414 1639 2000 1581 4191 1976 3071 279 213 2417 1568 590 605 4916 211 87 2950 3677 4133 920 541 585 2511 3262 4353 1200 4172 221 4617 2248 277 2768 709 4494 4989 1849 1479 2899 2801 2149 1382 260 2572 1451 745 3106 4745 3915 2891 630 4568 1460 1902 312 2095 2364 2072 2724 4515 1594 1332 3459 3014 417 3704 2679 4448 1736 376 4292 4437 4611 964 2730 2752 2813 4392 1723 4878 4075 177 114 2159 952 2929 675 3695 4975 3184 692 1912 4154 2922 3769 3372 3014 4624 650 4304 1687 2249 3533 1322 1940 1615 13 3881 4650 3574 4922 4856 2340 3383 3850 3922 3988 2242 3285 3826 4647 2868 1054 3316 3409 1744 2377 2235 3641 405 1630 768 2792 1276 3769 1817 1189 463 3990 2379 2279 1593 995 2527 1715 1942 3748 2689 3818 4885 2192 2719 1932 1209 723 1147 3776 1521 4822 1360 2897 3962 4895 2156 2856 2558 493 3569 908 1898 2159 2622 3544 303 4691 893 4207 530 2807 2476 602 927 2009 398 4836 2679 452 3351 1506 925 2243 4828 2233 2985 3844 3436 1320 1360 3023 499 4690 4329 1986 2337 1573 4659 1340 2967 3452 742 3989 1006 3871 4194 1433 4449 2133 288 4931 4197 2844 4019 2661 124 3288 3538 3828 832 1709 3692 1497 3321 503 4356 1720 4597 3357 3230 4487 4235 4563 4911 1068 2291 1666 3633 1972 630 619 1771 2553 1065 2403 1639 2420 3251 3702 4221 1023 1434 4792 3203 3526 4605 3301 2551 2491 3698 4500 4440 4214 3167 2645 3280 1552 3252 4761 519 3434 1607 4396 1927 62 4683 4951 2665 2483 704 2588 1097 1172 445 1063 1200 991 781 1728 3219 930 1472 3127 1173 2760 1464 4150 2901 4957 546 2150 1353 2656 184 2038 4299 1493 1958 3402 4050 3790 1849 4145 1637 3066 825 425 4815 4144 995 3283 4236 542 2113 1201 4024 3254 1829 1584 1731 1790 994 344 4308 1695 3206 4625 3485 4094 4742 2988 1587 2955 1619 1952 1225 1558 253 3117 316 4662 841 3702 207 3940 4480 281 2251 2628 529 1509 2429 1830 295 4534 3712 4767 4955 3795 3771 3051 4204 4179 1364 3334 4078 4203 3977 1784 2297 1273 3888 1199 462 4600 1465 1572 1234 612 331 4522 1782 3737 3479 2868 2219 320 3319 1324 180 2073 
4142 90203 73413 33414 34066 57593 1752895 26056 79919 1752895 11866 1752895 60884 96685 31700 88255 35809 28281 87596 1752895 1752895 67003 48590 15487 1752895 75857 3245 62973 20896 11489 26054 19327 55698 61446 1752895 4817 76164 6634 46248 1752895 40851 1752895 99206 77457 52471 7856 1752895 3377 75048 57960 1752895 50547 73036 98971 23616 91023 17896 36708 71830 1752895 31396 26022 1752895 67405 44466 1752895 1752895 25222 1752895 12990 1752895 37935 86686 97827 25555 39162 54719 8433 21030 37852 6411 89017 81828 1752895 1752895 
38886 29523 63211 1752895 43638 62428 34251 47003 1752895 70144 18409 28812 10398 12251 1752895 1752895 1752895 1752895 1752895 
1752895 4917 2293 2750 4023 2272 4093 1752895 1752895 1752895 1097 1999 1131 2805 1752895 4251 3703 1752895 2929 1444 3768 4812 3131 1180 3120 1097 1667 1112 2346 1542 1263 2298 4336 3148 3826 2456 4180 1621 1249 1564 2867 4910 4467 2172 1531 3766 1915 4134 3135 3191 1752895 3223 1832 4737 4255 4876 1752895 3992 3884 3193 1944 1788 4164 1252 4470 4071 3583 3936 3633 1752895 3799 1752895 1752895 3205 3434 2852 1752895 3503 2011 2288 1193 1752895 1752895 3005 2976 2861 2682 3237 4541 1752895 1752895 
8 -54
-14 24
6 9
-52 -13
-29 19
17 -42
-6 -7
39 -24
9 -51
56 -30
16 4
15 19
-3 17
-26 14
-2 -9
2 -2
-1 6
-62 25
35 -82
44 -60
38 -63
51 7
31 18
4 -62
-17 -31
17 1
-97 35
6 -4
43 11
5 -25
25 -74
-19 -49
-46 16
2 21
-61 29
-71 7
-12 -5
-24 7
-29 -30
-5 -64
48 -22
-49 -10
22 -39
45 -18
-78 23
50 -38
-39 -5
-19 -47
-35 -10
-71 33
-46 5
-5 -58
39 -69
63 -7
64 -18
0 -23
-46 28
0 12
64 -7
-42 20
-2 -56
45 -29
-12 -28
33 -14
6 1
66 -11
-51 28
-53 22
-22 17
-63 17
-39 -6
-17 25
9 -3
-42 10
-14 -48
-29 21
17 -4
-27 1
13 -14
66 -18
76 1
40 -5
28 -73
-3 -13
23 -75
34 72
76 79
-166 -10
-79 -129
-173 -15
-80 15
-199 -209
87 89
-132 0
-101 -13
-164 -66
117 112
-192 -62
-90 31
-26 -1
-107 -110
-17 35
36 -5
-188 -42
389 57
467 -212
415 29
421 185
344 9
-8 278
244 238
46 663
173 341
-55 292
433 294
505 21
455 -267
17 583
173 290
49 309
487 -220
109 411
25 318
484 -236
408 -120
308 92
-18 501
297 220
40 512
71 578
42 410
278 251
516 292
37 266
513 -252
42 338
9 303
54 627
101 455
97 531
60 624
353 274
386 90
441 304
409 -173
232 264
509 -45
407 271
408 -108
86 381
508 114
423 182
-14 510
16 619
504 265
497 -59
343 181
75 515
194 286
473 -239
519 142
450 -269
386 -110
41 358
429 -12
491 4
63 460
310 189
518 -248
34 308
533 -259
33 583
514 -150
37 574
436 265
356 96
330 176
464 -252
-35 266
474 274
244 232
408 219
463 185
532 -53
519 -380
303 95
465 107
393 146
453 -270
459 -122
14 323
524 -29
263 210
145 368
463 154
