1.6749487211540528 1.2283797240682084 2.0143156874483 1.715181640624436 2.728254845675748 1.8820427780761413 1.2645173206327667 3.564803791649029 1.151658479865726 
3.44972334278891 1.050777989699409 1.9869367026561982 2.086356098678701 7.683700576523769 5.1092888856525 5.191209208263467 7.566682398260946 3.6719787036556917 
0.9746709103184962 1.0595027948524722 1.2438077396924383 0.8290575566057634 2.5917046924367533 2.949305349159685 0.7483650919613626 1.9127846770993393 1.6519250910862522 
2.881181366766979 0.7332671083318854 0.9918661204228689 1.2975392708205062 2.801402469066488 1.6204541464306623 0.9558611332189323 4.598054509625023 0.7437306375719704 
1.5656399998034392 1.6188410141133571 0.5230342762974495 1.1773957458604791 1.5410452444901093 2.7631725850621893 2.919308514242536 1.9522875421406816 1.0725617954975446 
2.473968451269108 2.793671750971197 3.1029096482786613 1.8458030095984186 3.7301529434051615 2.6718268085496857 4.724704854088474 3.162014135407037 3.937260658084089 
1.0980917164217083 1.1278318394241886 1.265226892429889 0.7240571474954487 2.9205991127856032 3.189955716817184 0.9817673135164087 1.3177726885130536 1.0555273245807024 
1.4601102652350586 0.945120722205967 0.5168219447493336 1.619904211944527 2.993852058770525 5.8696672836002755 3.173739833935519 2.141403894511013 1.2567853262018922 
2.4556764570561085 0.6653805621482513 0.8486584690638601 0.5742718054024355 1.9420778329597972 1.643200776450076 1.5509023977195366 3.8825883683232347 1.2126697370150474 
1.57481274016529 1.0294583409711682 0.4020452356437485 0.5611373306249454 6.113673731023404 4.561322701672827 2.893769511316024 2.0206844061367533 1.1308573125583496 
2.1553794243979256 0.5856662994125347 0.5227993765652502 0.6000129328079593 4.995510516084106 2.0535579684200957 4.583439616606076 6.580386138867543 0.6995759291512139 
0.9439805503036406 2.319199451584177 1.9977936842425108 0.721157739637691 1.5104716658021247 2.622691833353034 0.8354558601887561 2.344885150987313 0.6138629968670535 
2.860369532938373 1.4546049919488095 0.7873447287164494 1.162930196832173 1.8383456349138083 4.205111126956628 1.476597262462355 2.1358451001328906 0.6735511964493471 
1.142482256624993 1.822638972238741 0.8443673995507649 1.2775238470008092 2.044215243903124 2.7936244692388112 2.8005157203856665 3.1852746272590617 0.7041889358525052 
1.709462014229114 0.6827482287389655 0.6553391986067423 1.1207581104315882 3.4674486702012324 2.0892603376885575 1.415438135005761 1.7151878754381833 0.8714145138014524 
1.2270472721849297 3.242519540948934 1.9554384514698684 1.965944394288254 1.7403723096425052 1.5893118682340606 0.7224202642271506 1.440727288811068 2.203006362898486 
1.8134402047817764 1.5677193870649464 0.89710110120618 0.6759572967610281 2.973632927646921 2.3700452873331233 1.668738934498108 2.2673782122136643 0.52946226481927 
1.1918706507705337 0.9904949784379253 0.4219905135145667 0.4071718457136693 2.183019714877746 3.088297318521444 0.9412013759897289 3.564870075072001 0.4946270988092737 
1.3087012181112927 1.2261776709714345 0.6909242794995569 1.1358216116242383 1.9902034218425473 2.5093137532327408 0.4823400051202626 3.255913826342678 1.9723578554129404 
0.6829465962846246 1.19897929725265 1.2015056950702967 1.297172084708591 2.551116186968005 1.2082704852135555 0.6974368400979478 2.8479368340170335 1.8461544390443674 
1.6965065108148731 0.6264890395744471 0.4335676869624481 1.2638966962837928 3.309921740150821 3.034553413051609 1.2053023513210737 1.8950654261719855 0.758454597782576 
2.8890350132906977 0.4608131082272371 1.5887150400207943 1.6106063914921533 5.745336713136564 3.0910023683003276 4.917144301839099 2.807062185919029 1.0130516088481856 
1.318502658318464 0.8287048441841138 0.6155627434368816 0.7117598546893918 2.1836894199035255 3.1814246011015137 1.508130219200997 2.2186020920086813 0.6421065781540565 
13.155503614406884 23.304135638174557 15.484814733475485 10.150125511218317 11.57765664344494 14.458099987431499 7.583164138919508 
15.854103619136652 17.125237508471432 12.566236784698464 9.000344427243114 14.378889583616065 7.483116173468127 6.332488130586991 
22.45085036986944 21.021437133635093 19.52139085738259 10.576514991340641 8.554421822117243 9.227963714763412 7.055647339490529 
16.28093081700565 20.02540531837488 21.2921062822711 6.920119422978129 9.046998493703756 10.822915816743032 5.416447897789965 
17.475682325254038 15.443949577969343 20.282975090815054 16.353925212524235 5.636670512484945 8.885132495590481 14.29661305625907 
15.75772635843096 22.641038477739908 14.259959848596212 11.602207698041877 6.362650528263388 8.27162787670779 11.64489178872911 
9.734637220667384 15.530981738477761 15.361247695533946 6.721011881438539 10.514058282874249 11.533893002555912 10.261347866964078 
13.68707393862738 27.71751220418105 19.9702313356168 12.96758741480356 5.77447819065579 10.310010106016371 11.598089717883898 
21.295387584922643 21.91605867590844 18.007028953325467 5.310850370123157 8.880929681995507 6.523836220253852 4.399022778737311 
5.2291319960287375 9.40588472599633 9.906142239064746 6.729730476888622 10.963412318715474 6.7189177438521215 3.7684598154523132 
7.285353716491258 19.061778266504604 8.270407409581994 5.920728425379106 4.838595307820527 3.949107924926488 6.506895540369803 
7.04328875048854 18.87261159505131 20.338439347030516 5.2110908954319894 9.478728019587784 5.231652148342136 5.59197691346731 
12.226324389629939 20.15207052540641 23.044664313414216 6.349260545936248 13.226743918929136 5.1068681739815105 4.310083137813505 
6.078761068460587 20.989239257678946 11.309836153434064 6.7140926320173415 5.309352237834794 3.8854261767009586 3.206234772655249 
15.216722709269906 15.736843324733128 14.630908157434348 6.6141998874534 4.650234497686616 5.654529641638291 6.6689632980706905 
6.255976044723502 11.19094273664152 12.364706579699178 8.553749244025143 4.523500624266738 4.141729900170097 8.25497358378759 
9.144464284083197 8.726779412058923 13.906256205185857 6.714498103499137 6.004264933785006 4.7750227030113965 5.959257379358465 
8.205327960004299 10.289331185118353 20.463906375705022 4.763137039904643 4.697928835443465 5.318487579590786 5.270360731612194 
10.199108529339423 9.801390375293412 9.417508937231215 4.3387082786522475 4.725964355024857 6.974602401591455 3.4156001345087965 
22.159440662605576 14.788628270868523 7.5657331589174275 3.9939523787788938 8.797400015840667 7.048131914403908 2.141984840398994 
17.00439626258301 8.099275719286242 6.542960861240545 4.777617046517799 3.5517495650159883 6.466792961264616 3.114621330827082 
12.05317305770677 10.564327992329162 6.334376330401455 8.645478527450205 8.814636119395686 4.893756068168934 4.978292095581976 
8.109774402243403 7.463362194378083 13.575080473692873 4.0307675151758655 7.282539433786071 3.653268060979649 8.69094889242419 
13.627041118342888 17.056064980546477 8.587945776654522 4.705986720167633 13.649347076156522 3.364631856355325 7.443087921149204 
9.519319028215016 10.113303282015947 13.358408723804068 7.013194990689662 9.566223925216788 4.030615634976757 5.570081619870941 
11.791645871297522 6.799562423283295 8.531728854681873 5.158117837584656 6.260846848377038 6.1027154653877655 2.3427675032650797 
7.624623199894422 21.641372116290103 7.652928305838151 4.6597224166020395 4.867312716689265 4.705523744560804 3.3190844854238053 
13.411373571571728 16.7353875913043 10.309916654608854 4.797683027582123 5.311380931860591 4.971652061639891 6.721119903715407 
7.8478899413047465 12.847254878318374 8.723677704466063 4.151862535573647 6.3253719479846975 7.6265064841554056 3.846318807679213 
21.548380774925057 6.82832344681219 9.251477671097913 7.563753782129002 9.533262432489927 8.305691739158606 5.343539592373186 
12.88298503366235 7.4575393771309635 10.872237985115914 6.729884325805959 6.61162607203892 5.302299933422264 6.7199196376966865 
6.190607421915992 13.055065649461826 8.930834974150752 6.140089498237159 12.305536221746049 2.7838592440678407 3.2180015324146876 
