6.208148143212132 3.033004989254769 6.018626462351294 4.106553961572598 
5.673559238910983 1.803414884490092 1.927691746984746 1.6733515194356074 
2.3208532089333467 3.3435414434766417 2.014810111531872 2.1612399475730335 
4.50321303061225 1.392848650565237 2.305587379858562 2.8717955537057946 
2.681907656697813 2.5468556183364384 2.5033066400551593 2.4325935610286606 
4.716762816496224 3.340025338697842 2.926056794387846 2.7366971320061446 
2.8376677118836446 7.586763410321272 3.495964705838178 1.7717021690444708 
2.8096807359973646 4.003412005857314 5.306463162857916 4.4768238789586325 
4.644116341967366 2.9322396571488 2.4140345805882175 2.348038523866244 
8.92361079930162 6.543932434640994 5.185359758904938 3.9399933200038526 2.1987084731720348 10.762196860727244 4.292952072623023 
6.297579939648521 8.40507175763555 5.891733471184412 4.358254390996368 2.6308759463628624 7.104984962418744 4.970646216711071 
11.429273397678033 4.915347988092671 7.612268965216882 5.270674383396253 1.5004145673491986 6.073230712002123 5.688862680471836 
6.004916034241227 5.093846297424732 5.465493451061719 6.735491798438432 1.903234236877426 8.064591800797672 6.081623737194758 
38.972662598572306 15.841350393287186 24.730515276720705 11.597945648894818 5.204411397370992 11.405416718072473 19.824503734160462 
25.833430174924487 18.080779184330588 10.707066555962346 18.76445811471523 6.920783737784372 13.246734011469057 18.487717149128283 
17.957299970451928 24.198718835679497 19.52489161313111 12.16129977442433 9.343678704385477 23.499690020837647 27.975362097541083 
33.67929067670249 19.083678150851004 18.386309057727296 16.216946548615635 6.894548013453274 18.84456639047754 21.563782137204946 
23.098433182575455 10.716114160921336 23.185216595917865 10.00454961281275 8.069451123287296 17.683509115743433 11.967748598919423 
13.949924260906672 22.00862858370345 43.431917378869905 6.589602739627738 6.919158038223596 30.45993260778832 12.237211873703474 
18.026622895526526 17.856146663551534 17.57484838257915 6.505880077817176 7.325504460820674 15.709529991027946 26.75345639751317 
25.834522407900668 20.888860177347254 11.0372385832199 8.457263211944994 11.575725670679956 26.098880544443936 15.188012853868454 
20.967674940189326 21.722444609710134 12.349704255336672 10.21815435027333 6.8167883587044455 30.400754807935613 19.964956355155614 
