0.7
0.3
0 1 2 3 4 5 6 7 8 9 
10 11 12 13 
14 15 16 17 
2156 3750 4782 3121 19 870 3788 4807 3701 4165 3716 4668 110 267 3006 2420 2114 4280 1259 513 3781 1138 531 4335 3780 2096 1753 2314 4714 433 1042 1925 1970 2200 2527 4350 4713 218 4206 795 1867 1125 
105325 75988 105325 96416 92234 105325 105325 45675 105325 10199 
58895 29691 16141 26449 
4072 4862 105325 1808 
43 -6
6 29
-33 71
26 6
32 -5
-11 42
46 -37
-23 57
42 -1
35 -39
-154 -82
-185 -99
-148 -66
-202 -91
38 158
193 268
268 102
-397 102
