0.7
0.3
0 1 2 3 4 5 6 7 
8 9 10 
11 12 
4125 3070 547 3005 4320 2381 2311 718 181 1833 4800 880 1196 3605 130 295 819 1058 852 4861 3634 418 2170 53 3258 363 2286 2858 870 4834 1660 3386 1717 4984 3858 3675 642 1459 3218 4980 814 118 1805 2753 1539 2082 3757 2482 2881 1288 208 3463 4991 2644 477 1149 940 2451 1492 3344 1442 1547 144 2999 1614 3948 1768 1375 687 2341 2821 4898 3183 4700 1124 1452 1087 3955 1747 2722 2840 926 2361 2479 754 621 190 523 4816 4689 2722 3216 4003 816 1671 4316 1386 4201 4687 686 2417 321 214 4787 3560 4455 3137 3164 3213 352 2687 2751 4113 4577 164 1793 1289 
91945 80006 72886 268439 28465 6379 63362 10503 
59463 63076 88397 
3906 268439 
-13 -22
-34 -24
-36 -16
-10 -32
-53 -53
-23 2
-38 -54
-32 -11
49 -86
78 100
34 85
233 113
169 102
