3.36006456537609 1.2705970573213745 1.1120294274073215 0.78763489638702 3.7835492413183656 
3.7545481875900846 1.3199131531811663 3.8148693054768468 1.043519109888395 1.2747989137644775 
2.909208581354466 2.078848550134141 4.32333743515774 1.341071462322155 1.5476622573787733 
7.2932290277575245 2.6352509197448057 2.1491172337505158 2.103138627872754 4.089996119694779 
3.401631455627001 1.2416123122674254 4.994171010602866 0.8229577514643297 1.6441374585228432 
8.663770614556803 7.7709205194990565 
7.75760974275627 4.371702827630497 
6.362820283832906 6.298734595193609 
8.986971700794838 4.735650573382972 
4.917984610669372 5.567861036564586 
14.560408801421023 5.041739963394537 
14.885405160528892 11.720345064496957 
15.096424275750177 16.323540845770253 
10.237834619383374 6.793190181623232 
16.941937454614987 17.56270141708782 
