0.7
0.3
0 1 2 3 4 5 6 7 
8 9 10 11 12 13 14 15 16 17 18 19 20 21 22 23 24 25 
26 27 28 29 30 31 32 33 
1579 1496 2022 1149 575 1796 2546 4274 4862 2955 3356 3284 455 1561 3520 1012 1173 255 2402 82 4841 3948 4832 2539 3750 1966 3049 4725 814 1937 1850 1734 3384 1978 806 2206 1110 258 3899 2641 4462 87 768 190 333 446 1971 172 1937 4859 2858 1059 4539 2993 1160 196 3800 193 3934 4023 1861 1422 4474 139 3968 3276 2714 934 2539 3172 3874 3400 1617 3141 1225 3999 3398 1445 267 3077 1377 4847 2946 577 3863 2316 1984 3670 4760 4407 663 3953 4126 1231 2812 344 37 1648 1550 2286 4998 923 4335 1879 1158 3846 1384 2534 3256 
256253 62359 256253 256253 256253 256253 49427 89121 
256253 51020 256253 13370 64433 54326 82828 90600 15987 73222 256253 79912 9815 70060 64018 10464 256253 54892 
3393 2394 4211 256253 3895 4541 3509 4920 
-6 7
-26 -5
4 22
-50 -14
-5 2
40 20
23 20
11 22
153 134
110 58
190 69
143 157
123 22
61 40
89 90
184 35
50 63
185 47
130 67
120 114
66 72
164 118
140 125
-71 92
66 93
140 13
348 -196
615 676
648 728
781 732
408 -10
378 -72
495 107
710 349
