0.7
0.3
0 1 2 3 4 5 6 7 8 9 10 11 12 13 14 15 16 17 18 19 20 21 22 23 24 25 26 27 28 29 30 31 32 33 34 35 36 37 38 39 40 41 42 43 44 45 46 47 48 49 50 51 52 53 54 55 56 57 58 59 60 61 62 63 64 65 66 67 68 69 70 71 72 73 74 75 76 77 78 79 80 81 82 83 84 85 86 87 88 89 90 91 92 93 94 95 96 97 98 99 100 101 102 103 104 105 106 107 108 109 110 111 112 113 114 115 116 117 118 119 
120 121 122 123 124 125 126 127 128 129 130 131 132 133 134 135 136 137 138 139 140 141 142 143 144 145 146 147 148 149 
150 151 152 153 154 155 156 157 158 159 160 161 162 163 164 165 166 167 168 169 170 171 172 173 174 175 176 177 178 179 180 181 182 183 184 185 186 187 188 189 190 191 192 193 194 195 196 197 198 199 200 201 202 203 204 205 206 207 208 209 
933 720 2010 4074 2038 2544 1862 3899 1849 2806 484 942 4556 124 2914 1743 4905 4827 3824 1398 4240 2377 1732 2370 708 4874 2805 168 3424 3548 2809 4551 3483 3943 4288 2931 4253 1054 1871 2541 2762 2996 1422 1542 1830 2989 4995 4875 596 4539 433 503 859 300 4704 2291 3993 4951 2815 4250 422 2938 2575 744 530 591 768 1009 4170 1855 8 3892 4963 4195 4532 3246 1247 32 963 2918 3535 1029 1355 4183 4365 318 836 587 242 4980 1824 2664 1348 464 929 3244 4023 4842 4861 532 695 3802 1057 2376 2242 227 297 3970 4928 1006 878 2193 1667 1527 3323 2676 2325 2125 4265 495 2747 629 1166 783 4432 3925 3710 2202 2047 2046 3769 2379 4939 301 2540 483 4719 1471 824 904 3664 1591 1346 4040 1698 93 3798 2881 4301 3993 1004 3775 4696 599 3104 1898 560 3709 1899 3669 1173 3445 1507 4976 899 2446 1970 2440 535 3249 2059 4324 4025 2360 422 2839 334 4995 2699 4201 955 3669 3055 174 2024 835 4316 218 2603 2267 3651 647 1264 4518 2130 1446 3093 1856 2035 3272 2418 4970 2062 4340 3378 3725 614 273 4127 3049 1667 1159 3934 3101 2245 3276 1434 4668 1153 2135 1024 4644 1208 2086 3323 253 835 3932 582 656 989 3549 1076 626 1952 4359 323 2333 4906 4579 4813 1301 4444 4452 3123 3817 3999 3456 1216 772 4673 2326 822 4501 3991 2682 1651 2877 2278 3498 524 3714 4552 1006 4583 2997 608 563 4775 3212 4420 744 767 717 3448 3123 2581 4828 231 4322 1569 1437 3754 3615 2760 1440 3492 1440 2521 3777 1095 893 2060 785 612 3322 3516 3474 2955 4393 
741440 95288 66114 741440 50087 12078 741440 741440 52397 57850 80019 741440 56740 65595 36820 741440 77779 71268 53886 64023 98834 62202 741440 13297 74425 58901 16145 21355 38910 741440 741440 94520 741440 741440 53930 741440 27321 741440 37294 68506 59705 5859 43858 48935 741440 741440 741440 38414 43045 5786 741440 65328 741440 8049 741440 33787 741440 56911 22764 73064 33247 741440 9024 741440 59890 741440 64988 90395 32173 48853 2970 93096 73244 74796 13999 741440 75526 41860 14255 62046 76723 47950 13576 92583 12912 741440 79929 6524 46422 56988 30958 741440 741440 741440 93452 58667 741440 741440 5776 13054 20683 86658 23416 80947 12422 741440 17176 43558 29088 741440 31916 84086 741440 741440 741440 84028 34711 49776 39006 40666 
55615 80935 88801 741440 76209 51375 92741 12162 64095 741440 82696 30513 741440 24381 81029 27356 25659 56526 39556 26938 65322 17187 92773 741440 741440 51815 39954 87754 5946 92226 
1720 4280 741440 3251 2845 2127 3056 1707 1908 2246 2335 2579 4290 3337 741440 4867 3562 1613 2826 1518 741440 3671 741440 741440 4148 1724 2050 3013 2921 2735 741440 741440 2022 1762 3538 741440 3202 3328 3218 3659 4408 4231 1365 1943 4585 2876 1011 4211 741440 3317 741440 741440 741440 3725 741440 2312 1683 4495 4229 741440 
29 39
69 17
25 43
73 14
-2 39
-48 39
63 14
-11 39
33 61
25 65
-4 46
-33 51
16 30
19 31
18 31
-31 36
9 61
35 51
-1 33
40 36
20 58
-31 47
-30 33
66 9
-44 39
30 46
-1 32
-43 45
25 64
-8 37
81 15
-50 42
9 65
15 68
-4 37
16 46
-50 35
-1 34
20 60
26 46
32 54
22 53
-25 45
41 49
-46 41
27 56
3 41
3 37
12 31
24 29
32 71
-29 37
47 33
23 64
22 67
-34 44
-53 40
30 45
26 57
15 37
36 54
26 33
-41 41
1 35
3 46
-49 39
29 55
26 58
22 63
37 47
27 34
71 20
24 68
9 62
-61 19
-20 50
57 11
-29 39
-32 41
26 68
-6 32
-19 34
26 46
47 31
-31 51
18 45
-27 53
-61 40
12 41
-66 37
8 51
71 20
69 14
-9 38
-33 19
-4 54
25 40
36 59
34 63
-29 34
1 37
14 61
-34 43
-40 34
38 55
-7 50
48 27
35 61
72 12
-17 39
-40 45
29 60
79 13
30 67
-21 47
14 46
-15 33
-21 35
-13 37
-21 50
60 -66
-21 28
-76 23
-9 8
-139 -8
-129 -181
10 -66
40 -14
-89 -128
-87 75
-131 -11
-117 54
-163 -40
-193 86
-89 -62
4 10
-150 -161
27 7
-90 -159
-117 -183
-31 -15
-49 -46
-42 -121
9 17
-55 -118
-76 62
-128 -126
-125 4
-176 129
-78 -112
554 198
464 -124
336 11
123 -868
278 90
363 -196
393 280
434 -327
551 160
272 -115
440 218
49 514
693 74
332 -175
424 30
287 -174
-79 651
405 -332
420 -248
403 -293
196 379
195 180
76 -854
324 388
42 -68
349 76
-20 357
498 6
555 100
199 -233
50 379
344 -414
100 -445
521 100
158 88
255 143
647 99
101 -192
100 -75
151 -719
166 -303
41 594
83 42
371 -467
196 -779
36 424
637 328
696 208
627 244
524 232
155 -508
731 232
327 -368
301 -46
244 -407
271 288
387 174
89 482
233 255
505 -80
