0.7
0.3
0 1 2 3 4 5 6 7 8 9 10 11 12 13 14 15 16 17 18 19 20 21 22 
23 24 25 26 27 28 29 30 31 
32 33 34 35 36 37 38 
3149 1374 4777 1288 3908 3142 2386 4950 4401 2339 4782 3188 1955 4776 3753 1671 604 2300 1669 4241 2655 3616 1138 1426 3255 3560 4013 3165 4935 2968 915 1847 3031 3583 
100760 71256 100760 100760 100760 93528 37187 100760 45620 100760 31603 100760 100760 8478 90080 60233 72635 77522 491 50376 97883 81520 61421 
47402 17241 100760 72583 79617 33766 20492 6636 26013 
2941 2251 4281 100760 4145 3885 3739 
45 -49
-46 53
61 -31
31 -16
11 -17
-49 21
44 -26
2 8
20 -25
18 -6
-4 7
44 -19
23 -27
21 -16
1 0
44 -38
17 -15
24 -13
51 -41
56 -30
13 -20
-5 13
24 -26
100 -43
18 22
-1 -29
40 9
18 -129
31 -115
79 -58
22 -125
40 9
450 -146
-374 327
-443 -25
111 204
-20 -277
-197 -20
37 167
