4.856352444444581 2.1783072139986843 1.0928460176960628 2.0048554065878075 2.1501613494128113 
5.277268433955357 1.8220700076950462 3.3700610063006207 4.682897074061349 3.446026666407395 
4.203048590874758 1.634727426050724 0.6249658618096312 2.1959529186948457 5.135402195992031 
8.102826625447369 0.8583271063979658 1.480539437778495 1.8859191251774725 2.458439538737382 
7.401563900300257 2.8554875363841026 2.091429152009918 3.3967478989772797 3.689897021345318 
5.661363030407729 0.5087080012013697 1.5896583195229532 2.285507348936614 2.638187830891173 
7.418752260518825 2.7329603036043935 3.4888926997063154 2.848287025172772 5.447492783965512 
8.111739714747905 1.972555865375982 3.689555702442386 2.7519168868173005 3.449869371192581 
8.10187647349741 1.8216414007838906 1.1994441146222952 2.9159263523526646 3.784901562976067 
9.975490247317923 1.1168951044926614 1.3292261765191884 1.5702994664991177 5.058196397013452 
5.768510907669852 2.08575387643916 1.545272380161288 2.5850607262683574 4.943514370191196 
3.678110389428997 0.5753731255449352 0.6986573825330709 2.4841164553171393 5.561808883114685 
5.319525458271935 4.927278828489337 1.249823083731391 4.159349414827898 3.1006968815682723 
3.4220003097584875 5.99979370180793 4.780358009800189 13.198342940321387 5.104530612751491 6.377320597345271 8.200247123839311 
4.373603745029248 4.885244313398411 6.291866267163028 12.536970363779075 5.068667019077138 6.909932145620351 6.126687120048322 
5.891911055199321 7.356162851063242 4.942176227529961 12.202245972626766 8.76350545347207 5.359859501135381 5.420699943785849 
6.682667882580918 4.453819999777649 3.642393867060751 11.812116227591066 3.9406051625971035 6.2968978066329955 4.266113577025728 
3.28884891373492 4.617578741388843 3.390089177593186 10.669297083106807 3.3239704343457737 6.487308828771933 6.995397607754124 
8.368188690673012 17.233067545679454 24.03888545241838 38.641959475117304 10.487616134092708 20.903352057313334 12.007098094320543 
13.98849316587701 18.8758053463694 16.68473639012921 32.866690411275314 13.68305522800637 11.507691118148127 10.938070520474676 
7.164571153887092 10.040829882331781 12.950559438794045 22.746829194827093 15.63007027309339 24.368094691716802 13.534227734970045 
10.620838775380852 14.675961009663988 19.673953915134355 56.36962363732892 18.156265269874936 15.950332092607459 11.186605883353398 
11.735026381576159 29.51860321379167 22.48996633079972 24.289169767307328 13.04355862743538 23.44104485199632 29.744800234717626 
11.653188767784041 16.359108954525347 11.271805139271157 23.462666418228224 8.565234688789301 20.257635627994627 22.471907376799972 
24.663275614960188 22.780592541374116 7.782443010659461 38.67449535155277 8.148063214157474 18.887496250371463 11.68941683341381 
8.208028944695936 21.9572765308968 9.341873875614608 32.68224764414305 8.297213152120069 18.696084389314304 13.947249826258238 
25.212146966457247 18.507437594954634 11.072143921353483 18.870593793003785 18.072415389043567 9.336025171123989 11.104330993884261 
22.86902238508022 29.387068481521062 9.138515666136614 31.798434100961607 13.570251352775504 19.480012892129587 9.665035832179726 
10.677739691236903 17.830928524720253 10.481476008183813 25.690996149442267 12.109072117119387 19.510015445797446 12.652736109106947 
8.75119119350489 11.555437348427553 17.28694931666546 34.56003957987233 10.77069939264026 17.730889926378023 13.91758300967591 
9.322374824535931 20.2358222433938 24.18558506651075 20.026212128723664 20.046090005221235 16.73355017650237 10.501965099134706 
