0.7
0.3
0 1 2 3 4 5 6 7 8 9 10 11 12 13 14 15 16 17 18 19 20 21 22 23 24 25 26 27 28 29 30 31 32 33 34 35 36 37 38 39 40 41 42 43 44 45 46 47 48 49 50 51 52 53 54 55 56 57 58 59 60 61 62 63 64 65 66 67 68 69 70 71 72 73 74 75 76 77 78 79 80 81 82 83 84 85 86 87 88 89 90 91 92 93 94 95 96 97 98 99 
100 101 102 103 104 105 106 107 108 109 110 111 112 113 114 115 116 117 118 119 120 121 122 123 124 125 126 127 128 129 130 131 132 133 134 135 136 137 138 139 140 141 142 143 144 145 146 147 148 149 
150 151 152 153 154 155 156 157 158 159 160 161 162 163 164 165 166 167 168 169 170 171 172 173 174 175 176 177 178 179 180 181 182 183 184 185 186 187 188 189 190 191 192 193 194 195 196 197 198 199 200 201 202 203 204 205 206 207 208 209 210 211 212 213 214 215 216 217 218 219 
2241 4673 4798 526 2915 919 1825 1373 3057 2062 1265 209 831 1887 91 2189 902 4812 3659 2397 4688 3491 3371 2984 2338 433 3612 4062 486 2134 3900 619 1234 2851 232 126 2835 2563 684 2608 3489 2800 149 576 1280 2654 3794 2966 3093 1196 2765 1963 1917 1204 3515 3478 4043 463 2841 755 1264 4849 1873 1894 667 3272 1868 1071 928 3520 3887 4527 738 1180 2167 1859 856 3060 3264 3633 3706 3313 948 2969 4352 1487 4210 1600 4291 4470 241 4707 2293 4028 3066 4309 1691 2188 1817 2726 2268 2091 4766 4837 4173 1837 1211 3767 3883 1075 4144 1213 1022 3716 4497 804 2731 4146 2575 813 1091 3011 1343 4283 2524 3051 667 2552 2748 2221 1095 462 4639 3669 1858 4354 391 3502 4882 2 4491 1420 2599 3304 4572 4278 4155 4113 2245 3925 3548 2630 1798 1533 2596 1335 2229 2941 3586 4286 4563 1121 2545 3682 3739 4337 1546 1674 1089 4501 730 3524 3613 7 915 4080 430 2088 1413 1372 4080 389 3206 1239 4075 3142 3963 1592 663 3628 2628 636 3048 562 2465 2177 720 607 2999 2561 1972 4051 2484 997 1589 744 297 1311 1273 3376 4352 2800 2779 2588 4865 970 4811 2397 2647 2324 3121 981 1348 980 3721 1639 4254 73 4723 1784 2050 41 840 1584 2845 3685 4832 4233 4503 3945 2077 213 2169 1803 2948 2399 1501 2052 3703 3916 4117 2730 2407 694 2263 2520 775 1534 3469 3620 2501 3849 176 1470 1502 355 485 3480 868 912 918 974 613 4900 3815 3537 2249 1173 774 2547 2925 1285 1287 2380 4688 2209 3557 817 3296 3089 2055 1438 4974 548 2817 959 2288 320 772 1529 1907 1054 4131 2270 3143 4398 1961 817 1853 1620 3299 2167 4913 3528 1254 734 3546 2313 355 815 3845 1899 4621 2795 1531 1517 3952 2070 1575 4617 4270 996 3880 2494 933 4216 3080 1617 4810 4596 594 1400 1654 3785 1379 1584 3612 3928 3981 3315 64 942 2268 1452 1459 4543 3020 4007 3788 35 1362 1187 3820 510 1804 3842 4707 3581 1495 4619 3154 1612 2284 101 3281 4866 1414 3738 2271 5 1542 409 2934 185 4385 3666 1195 3537 2275 4741 3164 1564 915 1700 613 1327 1165 2056 4813 557 4750 3877 337 2116 749 1599 4501 180 2797 2505 4657 462 2202 2860 2927 2980 4115 1645 4961 3996 4032 3656 4912 4638 4677 2068 4192 3607 1132 142 1274 2629 3890 4617 3896 1846 759 4804 995 1245 3246 225 63 1804 2717 2980 28 217 224 3453 4474 1023 930 665 4700 4083 175 794 482 2122 2822 4538 2190 4818 3961 4410 827 292 3220 1179 3995 3283 2459 60 1304 448 792 1217 1846 2169 1879 4234 2306 3007 1107 3378 4941 2986 1479 2319 4210 1998 2573 4614 1659 5 3675 124 4628 3898 123 3347 3276 4450 4879 4362 4859 211 972 2168 2287 3931 3246 1290 4331 4764 204 3224 2888 963 
72476 1270364 10342 1270364 1270364 1270364 13045 1270364 6485 1270364 1270364 13547 68298 24728 16802 39576 31957 1270364 99995 73704 1270364 34245 88176 25362 89139 1270364 1270364 76445 1270364 24307 1270364 73697 71003 2876 57199 46193 1270364 30924 45497 10938 1270364 22175 12622 12461 10677 97680 77692 8384 1270364 68533 22846 70851 1270364 67965 1270364 82980 33247 31528 1270364 64217 73877 99585 66854 14401 71441 99328 67592 89121 89220 1270364 29383 68202 24261 75323 1270364 44454 24586 73038 1270364 1270364 39348 1270364 30646 33650 30203 41689 80828 27169 1270364 95831 67799 1270364 94205 59798 90313 44521 79253 98934 5725 15043 
47493 1270364 1270364 16339 1270364 1270364 18019 17086 1270364 1270364 44456 14250 62993 1270364 68111 39277 1270364 1270364 15490 5964 78887 76081 80599 60639 82650 93059 53751 54704 12569 46100 63697 6334 64965 92231 1270364 7250 1270364 1270364 54518 1270364 38126 13923 1270364 31144 84961 1270364 50511 1270364 13515 56325 
2914 3733 3149 1270364 1897 1927 1270364 3182 3907 2992 1270364 3474 3445 1270364 1270364 1940 2549 2779 1270364 2584 3666 4203 1647 1270364 2492 4727 2836 1950 1270364 1561 4554 1815 2376 1270364 2353 1270364 3497 1270364 2568 1270364 3421 3237 1270364 1766 4127 2139 3131 1270364 1270364 3697 1270364 1270364 2612 4094 3624 1270364 3410 1270364 4565 3554 1270364 1270364 1831 2946 1270364 3814 1270364 1651 1270364 3754 
3 -6
19 -38
44 45
-16 11
65 55
14 -33
50 28
2 -6
16 -28
68 19
-20 22
24 23
75 46
-5 24
25 37
-12 6
-16 6
-6 19
65 26
31 -4
16 -1
45 45
42 -64
59 29
42 -15
35 17
23 -45
60 -2
24 32
16 14
46 -21
37 24
38 3
30 36
-2 12
19 20
14 28
75 42
50 19
39 -18
59 34
48 48
-6 38
29 -17
-35 30
31 -15
30 47
53 18
52 23
39 -51
22 -2
61 3
-17 31
32 -20
-12 35
35 -62
66 58
80 69
14 29
17 21
68 52
9 38
-25 20
23 18
33 -36
19 -1
-14 4
-11 18
-18 45
61 13
-1 38
3 -7
-35 42
-5 45
33 -18
-9 5
35 8
25 2
25 -17
-7 22
42 40
65 29
33 -21
-1 27
51 -27
11 -18
30 -55
29 46
24 -1
52 -6
39 32
14 -13
10 33
-40 46
8 36
20 -23
59 46
25 6
63 16
1 28
-107 47
-10 29
-125 71
-108 -84
-89 95
41 -12
6 11
-10 9
181 82
0 -36
-61 -90
-118 81
-57 -62
-86 -101
146 71
-74 -3
-49 97
-11 31
-213 2
35 28
-41 -68
-121 59
-17 166
-30 -61
-115 32
-108 -107
-110 23
-207 23
59 41
-47 124
-60 -76
-97 106
-100 87
-46 -14
-72 53
70 50
-75 9
-200 15
-170 44
32 50
-19 -52
-19 -40
-2 18
37 -1
-5 -29
49 -6
55 50
4 12
-236 2
-83 -56
-533 203
-499 247
-609 46
-722 120
-422 -417
-638 13
-642 70
-627 256
-626 -92
-737 168
-682 106
-699 237
-457 -322
-658 -137
-487 -287
-886 268
-454 344
-915 226
-421 -197
-669 170
-582 229
-435 24
-473 -334
-437 -194
-779 271
-601 -96
-610 -175
-467 -148
-522 46
-661 198
-687 56
-573 -13
-722 231
-540 -105
-459 -372
-791 87
-628 -130
-757 79
-457 147
-446 -61
-489 171
-741 149
-783 144
-624 38
-696 -4
-801 260
-455 -21
-698 210
-550 -96
-801 197
-541 -296
-795 162
-842 268
-679 37
-542 45
-604 -2
-502 9
-666 13
-740 34
-649 184
-599 61
-394 -374
-899 254
-388 -494
-924 250
-451 -367
-525 137
-570 250
-491 230
-758 178
