0.7
0.3
0 1 2 3 4 5 6 7 8 9 10 11 12 13 14 15 16 17 18 19 20 21 22 23 24 25 26 27 28 29 30 31 32 33 34 35 36 37 38 39 40 41 42 43 44 45 46 47 48 49 50 51 52 53 54 55 56 57 58 59 60 61 62 63 64 65 66 67 68 69 70 71 72 73 74 75 76 77 78 79 
80 81 82 83 84 85 86 87 88 89 90 91 92 93 94 95 96 97 98 99 100 101 102 103 104 105 106 107 108 109 110 111 112 113 114 115 116 117 118 119 120 121 122 123 124 125 126 127 128 129 130 131 132 133 134 135 136 137 138 139 
140 141 142 143 144 145 146 147 148 149 150 151 152 153 154 155 156 157 158 159 160 161 162 163 164 165 166 167 168 169 170 171 172 173 174 175 176 177 178 179 180 181 182 183 184 185 186 187 188 189 190 191 192 193 194 195 196 197 198 199 200 201 202 203 204 205 206 207 208 209 210 211 212 213 214 215 216 217 218 219 220 221 222 223 224 225 226 227 228 229 230 231 232 233 234 235 236 237 238 239 240 241 242 243 244 245 246 247 248 249 
2639 3356 4357 3575 1109 2394 2771 2793 4617 4967 3825 4608 814 2669 4487 1702 3469 4423 493 384 2779 3210 1456 112 3168 3611 4336 2680 3836 3654 2592 1494 2228 2571 1061 3226 899 1780 4963 4663 1005 1260 3331 4087 1401 4197 1810 1186 3500 202 2887 1159 251 1522 4252 370 4244 3869 4303 3944 271 3143 1928 4702 1535 1813 4724 1018 1955 635 1423 778 4716 2189 3660 2881 2878 2088 922 1566 1925 851 4196 1809 3809 531 3468 4896 3859 3320 3427 3556 4389 1825 2796 2377 3058 1019 804 4256 265 889 517 4619 204 4461 172 3311 4583 4516 500 2333 2846 2158 2342 851 732 3683 476 3940 520 4370 193 616 2047 1540 3462 4969 4111 1371 485 811 3049 1726 3407 1683 435 3548 1239 1015 1043 3660 1603 1891 1932 3212 3849 1341 4307 94 2126 3022 3590 886 3227 3721 3976 2780 4672 1364 2318 2981 1555 3952 390 773 533 2713 426 3112 2560 1511 4149 4867 4034 1852 744 2330 21 1401 2127 4299 38 3699 4845 1821 242 3000 1310 1923 211 1684 2897 3500 779 2457 1362 3197 3687 3775 800 1509 2299 58 2093 3761 4269 984 3403 3588 4881 1938 1617 4382 794 231 808 2582 1885 3983 1221 2589 2780 3948 3408 1531 1637 2120 4166 1377 2648 4633 3232 2583 1279 3265 898 2901 2983 2797 3659 4728 2625 3108 1011 4850 1991 4982 226 4779 2122 131 2888 224 2387 3941 4952 1710 2967 4757 1105 2341 2043 4285 2202 3410 4007 2829 4131 4359 3883 2586 1207 290 4772 105 2689 961 2948 2688 713 1692 2888 328 2479 708 2629 658 1003 4376 2631 3972 4240 4684 4893 2820 3829 1870 4757 2184 3662 4867 916 4384 3308 2040 2841 997 3829 3331 1267 3336 3012 3180 1505 4712 335 4319 248 2900 1670 2011 4888 4019 547 3409 4215 1413 650 4290 151 2216 1985 18 2011 1562 1929 3636 3454 254 1548 1041 3173 1885 4006 4387 2539 1602 4889 2719 262 3055 503 2016 2362 2359 4031 2159 1576 566 664 3180 2512 1026 2953 1454 2368 2309 80 3886 4714 1505 2340 3393 3655 1472 921 2596 1619 2292 4710 1318 218 3698 4139 3716 398 942 1996 858 1390 1633 2449 3167 1084 3925 1551 4787 4536 244 2029 1059 3722 3016 2621 3925 486 4430 2194 2864 1069 3597 2082 4331 3167 1861 2552 2015 3737 2577 4470 759 3967 4931 2766 2143 2772 3864 2734 2137 4622 1665 3339 3552 2792 2457 157 1376 1878 2634 1141 971 2435 2389 2715 3726 4513 2004 4937 2313 1986 2294 1377 2026 3253 356 2618 1540 4404 3353 225 642 2366 245 2133 3517 888 1904 3828 571 2664 4950 1860 2716 4478 1568 630 4599 612 4413 1492 13 4585 3642 233 3977 1010 1476 4002 4571 3847 3690 2367 1774 1409 761 1694 660 4545 4907 280 4515 2936 4797 327 3972 4673 3581 1594 2368 657 1769 3833 3247 2553 4093 2789 768 2719 1244 313 532 1904 919 1633 828 2142 2914 533 545 403 3101 4302 3604 4774 3156 1737 1803 566 1064 4135 3768 3990 1516 1336 2939 2423 3270 4778 1452 4871 4199 81 2898 4706 4654 2464 162 3828 1398 2898 1243 1788 3091 287 2297 3763 1076 2154 655 1050 3058 4491 2871 4937 4041 2968 2657 3276 2404 2023 1639 2179 3779 3279 3731 3994 1719 644 1091 497 798 749 998 2695 3603 2291 4553 1055 4508 
1488050 1488050 25475 1488050 37024 9181 1488050 1488050 52124 16655 1488050 1488050 3265 79653 1488050 1488050 1488050 58932 78197 1488050 88574 18121 1488050 1488050 67142 67582 13861 57158 1488050 19509 90337 64836 1488050 1488050 39080 1488050 39968 45999 1488050 7724 1488050 8954 13099 25048 1488050 60838 87445 28152 1488050 48967 1488050 1488050 30218 1488050 91057 85398 1488050 39581 18773 84350 56508 1488050 27605 63085 1488050 21800 69751 1040 49498 35237 72884 1488050 65827 88631 1488050 1488050 1488050 35535 52094 1488050 
1488050 64059 1488050 99341 48966 43577 27834 12749 13195 92252 65510 36592 81641 70464 10498 42222 70738 1488050 9661 22632 25778 51613 59600 1488050 1488050 56228 74435 4422 48741 7944 25134 12831 1488050 1488050 59413 1488050 1488050 95846 1488050 1488050 1488050 1488050 62295 69592 1488050 1488050 52244 32215 39982 29091 63071 62243 1488050 1488050 31377 93370 1488050 91934 1488050 89435 
1230 1609 1497 2863 2760 1488050 1488050 1488050 3605 1488050 1488050 1943 4689 4642 3431 1488050 1488050 3894 1457 2021 1488050 1718 1276 3857 1488050 2569 3741 3673 1488050 2010 2208 3148 1488050 4646 4237 1476 1488050 1488050 3109 4920 1789 2525 1811 3779 1364 1495 3580 2775 1677 2157 4377 4010 4414 1488050 1117 3066 4015 3495 1828 1488050 1488050 4138 2615 1787 1985 3398 3687 3707 1488050 2563 3530 1376 4928 3924 1850 1586 1488050 4403 3962 2299 1488050 1638 1847 1344 1488050 4029 3517 1955 2170 2463 1488050 1826 1488050 3626 2020 1041 2583 1488050 2521 2645 1488050 1488050 1370 1488050 2218 1488050 1488050 1488050 3500 1654 
-18 -78
10 -55
-49 -44
-64 -40
-8 -68
-13 -70
-40 -44
-33 -54
-10 -61
-43 -46
9 -56
-11 -69
-27 -50
-16 -63
1 -55
-8 -61
-16 -55
-25 -50
-51 -51
-66 -71
-37 -53
-9 -55
-15 -66
-16 -50
11 -54
-52 -49
-14 -73
-47 -43
-10 -51
-47 -48
7 -57
-9 -60
-12 -64
-63 -40
9 -53
-42 -55
-7 -70
-30 -68
-57 -44
-20 -68
-19 -64
-6 -65
-13 -69
-39 -50
-18 -61
-32 -71
-13 -54
-1 -58
-9 -63
-33 -47
-20 -51
-40 -51
-20 -61
-34 -55
-52 -46
-43 -57
-15 -69
-8 -64
-66 -39
-26 -47
-29 -54
-45 -54
-44 -43
-53 -44
-55 -41
-41 -56
-41 -98
-22 -79
-32 -59
-12 -57
-17 -50
-11 -50
-6 -54
-13 -57
-52 -44
-6 -66
-43 -57
-6 -57
-47 -49
-69 -71
194 69
-77 -106
80 -28
-98 -91
-159 -77
-23 -87
-12 -90
26 -59
48 -37
62 -46
138 24
5 -77
74 -31
-23 -89
96 -15
26 -79
77 -32
56 -56
-29 -99
4 -97
-102 -96
57 -43
0 -86
57 -42
73 -43
68 -31
-3 -72
135 22
72 -26
148 34
28 -55
97 -16
-67 -98
-80 -94
73 -35
46 -55
-29 -94
96 -14
161 44
45 -60
-136 -81
0 -84
81 -24
34 -63
55 -51
-66 -106
17 -62
26 -73
56 -44
-10 -106
-108 -91
14 -64
-89 -95
52 -34
48 -64
73 -29
-12 -95
56 -34
28 -78
25 -81
575 747
114 -84
642 852
641 863
610 816
176 53
98 -112
382 866
632 818
225 135
675 860
-130 -428
579 681
647 882
653 887
196 66
-145 -419
629 808
671 832
395 425
202 94
-71 -336
638 800
-125 -415
448 541
-48 -285
-307 -660
525 682
-138 -418
608 845
264 199
-185 -470
-243 -564
513 633
64 -135
-44 -263
539 704
13 -241
753 943
175 60
-235 -559
46 -149
65 -150
202 102
454 498
616 843
-138 -417
104 -57
506 572
58 -152
-8 -232
651 869
-447 -852
717 877
674 897
-184 -503
15 -179
247 164
615 760
-74 -311
662 868
-89 -364
-164 -462
-288 -627
141 -32
710 875
-135 -400
95 -68
63 -97
601 762
596 823
-9 -254
180 38
-259 -576
755 956
588 738
-88 -316
80 -152
99 866
-64 -301
237 149
91 -106
171 43
-84 -356
489 611
596 716
534 625
498 866
653 867
489 580
110 -66
175 56
597 829
643 817
-360 -722
150 -18
659 800
441 530
593 791
-371 -736
-301 -648
606 765
58 -158
-438 -842
602 785
-323 -679
-77 -312
618 797
685 844
548 710
