0.7
0.3
0 1 2 3 4 5 6 7 8 9 10 11 12 13 14 15 16 17 18 19 20 21 22 23 24 25 26 27 28 29 30 31 32 33 34 35 36 37 38 39 40 41 42 43 44 45 46 47 48 49 50 51 52 53 54 55 56 57 58 59 60 61 62 63 64 65 66 67 68 69 
70 71 72 73 74 75 76 77 78 79 80 81 82 83 84 85 86 87 88 89 
90 91 92 93 94 95 96 97 98 99 100 101 102 103 104 105 106 107 108 109 110 111 112 113 114 115 116 117 118 119 
1339 1172 4196 1747 1027 2718 3829 3629 3098 4520 1036 3322 2575 3439 112 1577 3642 3247 2935 4076 202 1176 3833 1012 1578 1768 4482 2682 2450 1684 3970 3034 1788 438 1018 3832 2769 3537 4725 315 3636 2063 2167 4321 798 4273 1720 526 3817 4838 18 2981 1995 4990 4803 603 2501 3696 2364 3356 2778 3397 625 4478 4044 2809 3619 837 1796 743 147 3403 1937 2456 4217 3432 1886 2755 164 2469 1931 4220 1841 1306 1457 3070 3046 1438 3597 3687 1084 73 4677 4688 4205 3180 4022 4125 1609 3070 2007 828 414 4813 2788 3834 4884 3261 1524 3830 584 1273 1012 4142 2394 42 814 3034 4847 4511 4613 2207 2812 1648 2346 3060 2337 1833 2499 1909 1509 1871 4770 720 2910 2418 1600 3518 891 3674 189 219 3527 3027 3934 4802 2752 4529 4780 1647 627 1802 2800 2405 4157 1272 1473 5 119 2510 904 3461 3843 174 116 4667 1523 3117 4218 969 1941 3686 2731 534 1095 3364 3546 249 4280 4594 2116 2133 4584 4493 4815 285 3102 765 3230 31 4391 4427 265 4611 3281 355 1676 3770 2017 1177 2891 1133 1921 4011 3611 2014 4743 3254 2825 3021 1030 3970 170 4070 1501 4092 3503 1547 4871 1620 3218 1672 1736 188 4455 285 88 1654 2569 4311 2818 3903 4033 1943 4204 3377 258 2453 3824 1245 4367 173 1626 34 1885 411 2126 1163 3699 1448 1170 4551 3912 1128 3055 3033 3131 651 2401 431 2430 780 4575 2591 3239 1596 394 3932 1149 4253 811 4693 871 2643 2387 538 1822 4968 1654 1565 2390 4712 983 2346 1866 4724 2864 1281 2658 3942 471 2725 1714 2622 2845 777 4681 1640 3774 2509 1225 592 1785 2090 3855 3495 224 4471 2582 2888 1379 1820 4733 4577 4760 3553 1862 4831 3192 3071 4397 2157 57 338 4028 4825 1730 2896 633 3081 3714 3594 4547 2728 4160 1752 3172 4186 1065 126 1187 1868 1273 4133 1471 4164 3240 4146 576 3614 2332 3752 3815 4043 3978 4206 637 1734 3329 4116 81 3713 683 1597 4553 250 3526 3459 3505 897 2351 3846 178 2228 1921 3609 2411 4846 1596 2646 2817 452 3208 3320 2333 2437 4058 476 2806 33 2246 3422 3566 3985 669 2714 1097 4841 3281 1029 
64446 1013719 51244 18370 73932 38020 35963 1013719 67500 19252 84527 71064 1013719 1013719 5166 27708 1013719 1013719 1013719 1013719 98328 29110 55888 1013719 75591 1013719 36011 48634 1013719 93389 1013719 60214 66942 1013719 1013719 63454 62723 1013719 78384 55422 3684 20361 1013719 98413 1013719 20467 7526 1013719 42692 89095 1013719 36679 1013719 73061 29249 33924 1013719 5971 1013719 1013719 1013719 44799 88862 33687 48716 60003 1013719 7735 1013719 91655 
1013719 76748 1013719 1013719 26116 89385 89240 1013719 99306 1013719 1013719 1013719 1013719 20778 70107 89098 1013719 1013719 1013719 3266 
3964 1013719 3747 1013719 1237 1849 2415 3369 4493 1013719 2480 1013719 1291 3085 4568 2346 4111 1013719 2255 1013719 1013719 2366 4927 1013719 3183 2187 2179 3970 4742 1013719 
21 -2
27 -54
-28 36
5 43
-40 50
21 66
-27 8
-24 43
25 -5
-17 80
-8 -15
-10 58
-48 65
-4 37
-49 48
24 -10
-23 37
-51 62
-6 -12
-71 52
-59 48
-41 18
-19 71
-31 29
0 4
-75 51
0 -16
-23 63
-33 24
-44 26
16 -12
1 27
-49 58
-50 66
27 -50
2 45
23 -35
2 25
-36 27
-12 64
-57 47
21 -2
22 -52
-23 71
-41 36
14 -28
-13 -14
12 -9
-58 62
-15 -12
7 76
-35 50
11 -10
-12 34
-25 81
-37 68
12 11
23 32
-39 51
7 7
-22 77
-15 49
18 35
-44 38
0 -32
7 -42
-47 26
16 78
-48 27
11 13
-66 -119
25 -82
17 -47
127 -124
20 -100
-20 -112
26 -144
97 -55
1 -57
-9 -88
149 -91
73 -126
41 -86
159 -11
-92 -82
124 -58
64 -111
-57 -126
59 -129
-72 -154
189 -300
-29 -339
74 -117
-10 230
-185 -301
45 132
70 -130
-414 -142
-86 -28
32 150
98 11
-111 94
406 -224
7 76
182 -237
-316 -262
-53 -53
231 -106
-215 -64
-224 8
163 218
-368 -342
47 152
-268 -274
-107 147
-229 -22
301 -275
245 -18
-174 -251
-164 -169
