0.7
0.3
0 1 2 3 4 5 6 7 8 9 10 11 12 13 14 15 16 17 18 19 20 21 22 23 24 25 26 27 28 29 30 31 32 33 34 35 36 37 38 39 40 41 42 43 44 45 46 47 48 49 50 51 52 53 54 55 56 57 58 59 
60 61 62 63 64 65 66 67 68 69 70 71 72 73 74 75 76 77 78 79 
80 81 82 83 84 85 86 87 88 89 90 91 92 93 94 95 96 97 98 99 100 101 102 103 104 105 106 107 108 109 
2586 879 4876 209 2186 1513 4497 4495 261 4620 808 3403 1137 4798 4484 1912 1705 1066 4540 2533 2316 1705 1861 3141 2478 1779 2674 3232 1199 4890 1484 2899 4785 2608 3975 4624 2348 1536 3359 2362 2525 2031 3374 3685 3890 3309 4412 3695 4026 1361 3198 1569 2058 1060 1025 3283 2164 3532 1152 3524 969 3143 1771 355 1887 2344 2463 2903 1894 1197 1319 3638 4260 1019 1026 3063 3132 11 2093 2977 933 931 2797 4202 533 2443 1911 4452 2133 1773 3504 620 3915 1224 3597 1568 3647 712 3088 3004 481 3780 1024 3707 3674 788 2006 4537 937 2300 4897 3574 610 2033 1153 4230 4136 2482 1038 2393 943 2752 433 3726 4354 925 4847 2098 4164 2140 2722 3154 674 1959 2977 4077 1388 1101 3651 2641 1970 2518 2093 3604 2717 840 2404 454 574 4024 4741 540 1244 2063 4682 2894 4451 545 4173 209 3390 3241 4748 131 4364 4695 545 3437 1342 1882 1134 4976 2970 4551 2413 737 3177 2413 1968 4722 786 1593 460 1386 3362 936 1768 1403 3008 28 4982 1716 1401 1771 158 4144 3308 4136 3048 18 
94700 21202 73298 494581 494581 33687 494581 3691 494581 64018 29946 99429 37995 494581 494581 494581 22502 494581 24817 494581 25103 494581 71366 3046 1505 49465 33946 494581 52703 4363 16571 494581 25848 494581 494581 494581 9045 56097 494581 494581 494581 15776 41412 494581 494581 33951 494581 494581 67305 16590 19721 18608 42101 46757 36039 75843 15686 44154 33677 98417 
73029 494581 91605 37431 10516 96799 494581 93719 84708 55021 90877 84208 74196 494581 42079 494581 62101 55742 494581 63625 
4249 4519 494581 3816 494581 1101 1260 494581 494581 494581 4722 1996 4749 494581 494581 2759 3363 3705 2737 1638 4155 1292 1554 4984 494581 1138 3673 3986 4286 1176 
-72 -30
-50 -41
-69 -57
-41 12
-48 25
-70 -62
-67 -58
-47 -36
-65 -75
-30 34
-34 20
-67 -12
-32 20
-49 7
-76 -32
-40 -6
-24 43
-19 69
-48 -8
-47 6
-40 42
-67 -71
-42 26
-46 6
-21 62
-30 34
-44 8
-16 71
-55 -18
-74 -35
-47 -17
-52 -49
-63 -74
-26 43
-68 -17
-61 -54
-35 8
-40 16
-26 41
-37 20
-35 35
-45 -5
-52 -21
-24 52
-68 -17
-58 -32
-58 -55
-61 -58
-57 -1
-54 3
-22 48
-41 5
-37 5
-57 -68
-62 -5
-43 -9
-42 29
-59 -72
-39 7
-52 -29
-45 19
-39 -38
-131 103
30 -82
130 -10
21 -157
-14 47
11 -155
19 -21
75 -57
-45 -133
26 -52
33 6
79 -11
-66 37
50 26
80 -37
119 -40
-1 -63
-55 70
-632 -519
312 674
287 618
323 614
91 386
16 307
-759 -676
-397 -258
-291 -97
-659 -522
215 610
160 540
222 599
-654 -563
212 594
268 547
-317 -105
-352 -119
-174 71
133 426
-334 -79
-315 -148
271 557
-418 -238
463 765
-714 -624
370 656
225 556
-533 -372
-10 290
